input = [
-0.25889292;
-0.21243396;
-0.1957084;
-0.21385258;
-0.23714465;
-0.27744585;
-0.31297004;
-0.36776;
-0.41385007;
-0.46326464;
-0.505677;
-0.53599524;
-0.555706;
-0.5736531;
-0.5769325;
-0.57824165;
-0.5813912;
-0.56751025;
-0.55872494;
-0.5550673;
-0.53003013;
-0.5096846;
-0.5017148;
-0.49752554;
-0.4817478;
-0.47683328;
-0.46827352;
-0.47394574;
-0.46434605;
-0.4652673;
-0.4697969;
-0.48457795;
-0.48371726;
-0.49334323;
-0.009518441;
0.4302665;
0.78723764;
1.0705411;
1.2996438;
1.4326425;
1.508141;
1.5277026;
1.4941028;
1.3810896;
1.2147578;
1.0392201;
0.876991;
0.6975819;
0.5345863;
0.41885132;
0.32066083;
0.24454062;
0.22996819;
0.21625826;
0.22104509;
0.26053756;
0.2977914;
0.34799212;
0.39797956;
0.44855487;
0.48259065;
0.51974446;
0.5426172;
0.5642848;
0.5802984;
0.58018976;
0.570318;
0.5741611;
0.5678349;
0.5449874;
0.53522724;
0.5266824;
0.5068076;
0.50463486;
0.4853517;
0.48323387;
0.47539955;
0.478478;
0.47525924;
0.48289913;
0.47279292;
0.49123687;
0.48626608;
0.49787655;
0.49227196;
0.028622624;
-0.41785607;
-0.7858126;
-1.0790801;
-1.274177;
-1.409606;
-1.4701905;
-1.4618335;
-1.4079669;
-1.2961489;
-1.1481102;
-0.99702054;
-0.82816374;
-0.667191;
-0.5288843;
-0.41557032;
-0.3242868;
-0.25889292;
-0.21243396;
-0.1957084;
-0.21385258;
-0.23714465;
-0.27744585;
-0.31297004;
-0.36776;
-0.41385007;
-0.46326464;
-0.505677;
-0.53599524;
-0.555706;
-0.5736531;
-0.5769325;
-0.57824165;
-0.5813912;
-0.56751025;
-0.55872494;
-0.54049665;
-0.5379852;
-0.5104236;
-0.50178343;
-0.4975319;
-0.4817484;
-0.47683334;
-0.46827352;
-0.47394574;
-0.46434605;
-0.47983795;
-0.46184176;
-0.48383895;
-0.4836486;
-0.49333686;
-0.009517851;
0.4302665;
0.78723764;
1.0705411;
1.2996438;
1.4326425;
1.5008558;
1.5316801;
1.4799017;
1.3745085;
1.2088846;
1.0479832;
0.8632344;
0.69104207;
0.54328763;
0.41237432;
0.31742823;
0.24889466;
0.21580207;
0.20968032;
0.22974278;
0.26134557;
0.29786643;
0.3479991;
0.4052656;
0.44457734;
0.49679172;
0.52632564;
0.5339198;
0.56347686;
0.5802234;
0.5801828;
0.58176106;
0.5793569;
0.5610065;
0.544353;
0.5351683;
0.52667695;
0.5068071;
0.493191;
0.49159965;
0.48381427;
0.47545356;
0.4784831;
0.46381593;
0.47770333;
0.4796214;
0.48042735;
0.4811293;
0.49326664;
0.49915475;
0.017818267;
-0.41154873;
-0.7852266;
-1.0790257;
-1.2741718;
-1.4096055;
-1.4587467;
-1.4680815;
-1.3971035;
-1.291007;
-1.1549436;
-0.9862116;
-0.823027;
-0.67402494;
-0.52951926;
-0.41562933;
-0.3242922;
-0.25889346;
-0.21243404;
-0.1957084;
-0.21385258;
-0.23714465;
-0.27744585;
-0.32441384;
-0.37295577;
-0.41846547;
-0.45638242;
-0.50503767;
-0.5359358;
-0.55570054;
-0.5736525;
-0.5769324;
-0.58552694;
-0.5774137;
-0.56714076;
-0.57326126;
-0.5471089;
-0.5292908;
-0.5096159;
-0.5017084;
-0.48295432;
-0.48970294;
-0.47757232;
-0.46834213;
-0.47395214;
-0.46434665;
-0.46526736;
-0.4697969;
-0.4772926;
-0.4876948;
-0.47914213;
-0.01750791;
0.42223898;
0.7765757;
1.0788593;
1.2931312;
1.4294065;
1.5052096;
1.517514;
1.4806092;
1.3719432;
1.2060153;
1.030515;
0.86100423;
0.68557304;
0.5375176;
0.40657634;
0.31162772;
0.2576646;
0.21661675;
0.22432661;
0.22179464;
0.26060718;
0.30508316;
0.35858577;
0.3969403;
0.44380397;
0.49671996;
0.52631897;
0.5484898;
0.55552167;
0.57948434;
0.5801141;
0.5817547;
0.56791246;
0.5672544;
0.54493344;
0.53522223;
0.5266819;
0.50680757;
0.49319106;
0.49159965;
0.48381427;
0.47545356;
0.46703935;
0.47006387;
0.47828376;
0.47967526;
0.4804324;
0.4925735;
0.4870187;
0.49857432;
0.017764334;
-0.41155374;
-0.78522706;
-1.0790257;
-1.2741718;
-1.3981616;
-1.4649948;
-1.4686619;
-1.3971574;
-1.3024558;
-1.148696;
-0.98563117;
-0.8344168;
-0.6677719;
-0.5403821;
-0.40932733;
-0.32370684;
-0.25883904;
-0.22387272;
-0.20090368;
-0.20702411;
-0.23651037;
-0.27738693;
-0.32440832;
-0.36151153;
-0.41326958;
-0.46321076;
-0.505672;
-0.53599477;
-0.54842067;
-0.57763064;
-0.577302;
-0.5782759;
-0.58139443;
-0.56751055;
-0.55872494;
-0.5550673;
-0.53003013;
-0.5096846;
-0.5017148;
-0.4829549;
-0.489703;
-0.47757232;
-0.46834213;
-0.47395214;
-0.46434665;
-0.46526736;
-0.4697969;
-0.48457795;
-0.48371726;
-0.49334323;
-0.009518441;
0.4229812;
0.7912153;
1.0709105;
1.2923928;
1.429338;
1.5052031;
1.5175134;
1.4806092;
1.3719432;
1.2060153;
1.0450857;
0.8530489;
0.684834;
0.53744894;
0.40656996;
0.3261977;
0.24970931;
0.21587771;
0.20968737;
0.22974342;
0.26134562;
0.30515176;
0.35859215;
0.3969409;
0.44380403;
0.49671996;
0.52631897;
0.5484898;
0.55552167;
0.57948434;
0.5801141;
0.5817547;
0.56791246;
0.5672544;
0.54493344;
0.53522223;
0.5266819;
0.50680757;
0.49319106;
0.49159965;
0.48381427;
0.47545356;
0.4784831;
0.47525966;
0.4714554;
0.47904098;
0.4803735;
0.4811242;
0.49326617;
0.49915475;
0.017818267;
-0.42299247;
-0.79042244;
-1.0721974;
-1.2735375;
-1.3981028;
-1.4649892;
-1.4572175;
-1.4034053;
-1.2915925;
-1.1435541;
-0.9810208;
-0.81841195;
-0.6694635;
-0.5364065;
-0.40482545;
-0.33059964;
-0.24803558;
-0.21873638;
-0.19629383;
-0.21390694;
-0.23714972;
-0.27744633;
-0.3244139;
-0.37295577;
-0.41846547;
-0.4678262;
-0.51023346;
-0.52910745;
-0.55506617;
-0.580879;
-0.5729493;
-0.585157;
-0.57737935;
-0.5671376;
-0.5586903;
-0.5550641;
-0.53002983;
-0.5096846;
-0.5017148;
-0.4829549;
-0.489703;
-0.47757232;
-0.46834213;
-0.47395214;
-0.45706135;
-0.46924496;
-0.47016644;
-0.47732693;
-0.48769808;
-0.4791424;
-0.01750794;
0.42223898;
0.79114634;
1.0709041;
1.2923923;
1.4293379;
1.4906325;
1.5254685;
1.481348;
1.3720119;
1.2060217;
1.0305157;
0.86100423;
0.68557304;
0.5375176;
0.40657634;
0.32619837;
0.24970934;
0.21587771;
0.224258;
0.22178824;
0.26060665;
0.3050831;
0.34401512;
0.40489548;
0.44454294;
0.49678856;
0.52632535;
0.5484904;
0.5555217;
0.57948434;
0.5801141;
0.5817547;
0.56791246;
0.5672544;
0.54493344;
0.53522223;
0.5266819;
0.50680757;
0.49319106;
0.49159965;
0.48381427;
0.47545356;
0.46703935;
0.47006387;
0.47828376;
0.47967526;
0.4804324;
0.4811297;
0.4932667;
0.49915475;
0.017818267;
-0.41154873;
-0.7852266;
-1.0790257;
-1.2741718;
-1.3981616;
-1.4535509;
-1.463466;
-1.392542;
-1.2864506;
-1.1503875;
-0.9816556;
-0.81847095;
-0.669469;
-0.53640705;
-0.41626924;
-0.3243517;
-0.2588989;
-0.2124345;
-0.20715223;
-0.20760453;
-0.24800807;
-0.2711439;
-0.3238284;
-0.37290138;
-0.41846037;
-0.4678257;
-0.49878967;
-0.53535545;
-0.5556466;
-0.5736475;
-0.57693195;
-0.5782416;
-0.574106;
-0.57148784;
-0.5590944;
-0.54053104;
-0.5379885;
-0.5104239;
-0.5017835;
-0.4829613;
-0.4897036;
-0.47757238;
-0.46834213;
-0.47395214;
-0.46434665;
-0.46526736;
-0.4697969;
-0.48457795;
-0.48371726;
-0.49334323;
-0.009518441;
0.4229812;
0.7912153;
1.0709105;
1.2923928;
1.429338;
1.4906325;
1.5108979;
1.4747326;
1.3661354;
1.2002138;
1.0247142;
0.86248875;
0.6830799;
0.534655;
0.4109648;
0.31203538;
0.25041708;
0.2205978;
0.21012583;
0.22978416;
0.26134938;
0.30515212;
0.35859215;
0.3969409;
0.45837462;
0.48876482;
0.5255799;
0.54842114;
0.5555153;
0.57948375;
0.58011407;
0.5817547;
0.56791246;
0.5672544;
0.54493344;
0.53522223;
0.51523817;
0.51305556;
0.4937715;
0.49165356;
0.48381925;
0.47545397;
0.46703935;
0.47006387;
0.46684003;
0.47447947;
0.48726082;
0.48176402;
0.49332565;
0.49916026;
0.029262543;
-0.41779667;
-0.785807;
-1.0676359;
-1.268981;
-1.4049907;
-1.4541852;
-1.4635249;
-1.3925475;
-1.2864511;
-1.1503876;
-0.9816556;
-0.81847095;
-0.669469;
-0.53640705;
-0.41626924;
-0.3243517;
-0.2588989;
-0.2124345;
-0.20715223;
