input = [
0.47467327;
1.1884983;
1.7302148;
2.098292;
2.268909;
2.3108828;
2.241131;
2.0863194;
1.886566;
1.6474216;
1.4070424;
1.1853671;
0.9688681;
0.7677928;
0.6059577;
0.4594446;
0.3839724;
-0.42079067;
-1.130537;
-1.7017584;
-2.0785952;
-2.2529967;
-2.279526;
-2.19027;
-2.0578277;
-1.8762283;
-1.650006;
-1.4034221;
-1.1667068;
-0.94044244;
-0.73166686;
-0.5838083;
-0.44236565;
-0.3438149;
0.46585125;
1.1658227;
1.7202156;
2.0748997;
2.253581;
2.289019;
2.2233143;
2.0761638;
1.872468;
1.6256719;
1.3965213;
1.1785202;
0.96499354;
0.7585085;
0.6082734;
0.4669707;
0.3846715;
-0.40928194;
-1.1253352;
-1.6971426;
-2.0740337;
-2.2484403;
-2.2635262;
-2.1919622;
-2.053852;
-1.8602825;
-1.6402593;
-1.4056952;
-1.162785;
-0.9359455;
-0.73856014;
-0.5844487;
-0.44242513;
-0.3583911;
0.45923522;
1.1745169;
1.7137377;
2.0643816;
2.2546272;
2.286485;
2.205877;
2.0593657;
1.8603837;
1.60674;
1.3888932;
1.1600027;
0.95011866;
0.7575109;
0.59991527;
0.46937272;
0.38076198;
-0.40233397;
-1.1246898;
-1.6856387;
-2.0573883;
-2.2271848;
-2.2605982;
-2.1719806;
-2.039598;
-1.8580037;
-1.6317823;
-1.3966427;
-1.1536784;
-0.9268339;
-0.73047996;
-0.57580525;
-0.44829988;
-0.34902054;
0.450797;
1.1591623;
1.7070496;
2.0657835;
2.2302709;
2.2736986;
2.201451;
2.0364912;
1.8451037;
1.6067365;
1.3809999;
1.1513765;
0.9414244;
0.7592226;
0.5959419;
0.46487093;
0.38765475;
-0.40169364;
-1.1246303;
-1.6741894;
-2.0521922;
-2.2225695;
-2.2445931;
-2.1622283;
-2.0304265;
-1.848887;
-1.6226695;
-1.3875303;
-1.1445668;
-0.9291663;
-0.73072237;
-0.5804821;
-0.4341638;
-0.3570162;
0.45005417;
1.1590935;
1.6997578;
2.05519;
2.23131;
2.2565937;
2.1773984;
2.0356727;
1.8371351;
1.5981033;
1.36502;
1.1466534;
0.9476633;
0.7415692;
0.59748006;
0.46088102;
0.38315147;
-0.40624478;
-1.1062982;
-1.6683537;
-2.0475173;
-2.2180033;
-2.2400355;
-2.157673;
-2.0258698;
-1.844331;
-1.618114;
-1.3829741;
-1.1400108;
-0.9246104;
-0.7376101;
-0.5811219;
-0.43422326;
-0.35702163;
0.4500537;
1.1590933;
1.6997578;
2.0479045;
2.220717;
2.257633;
2.1748643;
2.0255208;
1.8236449;
1.5889574;
1.3562773;
1.1452336;
0.927699;
0.7468883;
0.59384143;
0.4678542;
0.38379925;
-0.40618455;
-1.1062927;
-1.6683531;
-2.0360737;
-2.2128077;
-2.2354202;
-2.1531115;
-2.0327573;
-1.833527;
-1.6129777;
-1.3783647;
-1.1468935;
-0.9252498;
-0.723099;
-0.574512;
-0.44291788;
-0.35782933;
0.44997865;
1.1445158;
1.6931417;
2.042028;
2.2221942;
2.2405686;
2.1581006;
2.020725;
1.8153064;
1.5657191;
1.3482493;
1.1266788;
0.9273911;
0.74937904;
0.5784964;
0.4696071;
0.3912732;
-0.3940465;
-1.1124761;
-1.6574838;
-2.030931;
-2.208197;
-2.2308593;
-2.148555;
-2.0167575;
-1.8352191;
-1.6090021;
-1.3738626;
-1.1423428;
-0.92069435;
-0.7299868;
-0.56786656;
-0.43966955;
-0.3476113;
0.4416192;
1.1437392;
1.6930695;
2.0420213;
2.2076232;
2.2485237;
2.1588397;
2.0135083;
1.8192904;
1.5660893;
1.3482838;
1.1266819;
0.9273913;
0.73793536;
0.5847444;
0.4701875;
0.39132708;
-0.39404148;
-1.1124756;
-1.6574838;
-2.030931;
-2.208197;
-2.2194154;
-2.1433592;
-2.0121422;
-1.8306575;
-1.6044457;
-1.3807505;
-1.1315387;
-0.92700166;
-0.72328746;
-0.5718985;
-0.44732943;
-0.34366855;
0.4419854;
1.1437731;
1.6785021;
2.0354064;
2.209032;
2.2241678;
2.1679091;
2.0044346;
1.7986147;
1.5755006;
1.3392415;
1.1278654;
0.9248704;
0.73091173;
0.57995915;
0.4656102;
0.38676918;
-0.39859763;
-1.1055878;
-1.6568438;
-2.0308716;
-2.196748;
-2.214219;
-2.1387439;
-2.0190244;
-1.8198531;
-1.610753;
-1.3698926;
-1.1378412;
-0.91614336;
-0.72958994;
-0.572484;
-0.44009855;
-0.34765118;
0.44161546;
1.1437387;
1.6784989;
2.0354059;
2.1944613;
2.2248378;
2.1507697;
1.9949496;
1.7898409;
1.5522223;
1.3239243;
1.1132877;
0.924932;
0.73343676;
0.57606107;
0.46111542;
0.3936627;
-0.39795727;
-1.1055284;
-1.6568384;
-2.0194273;
-2.191552;
-2.2096038;
-2.1341825;
-2.014468;
-1.8152972;
-1.6061971;
-1.3653368;
-1.1332854;
-0.91158724;
-0.721907;
-0.581079;
-0.44089693;
-0.3477254;
0.44160864;
1.1364528;
1.6751912;
2.0324676;
2.184272;
2.2186294;
2.1449313;
1.9891452;
1.7913251;
1.5570145;
1.3243694;
1.1133292;
0.9249358;
0.7334371;
0.57606107;
0.46111542;
0.3936627;
-0.39795727;
-1.0940846;
-1.6516426;
-2.014812;
-2.1869907;
-2.2164912;
-2.1348221;
-2.0030837;
-1.8215504;
-1.5953343;
-1.3716385;
-1.1338711;
-0.9116417;
-0.73648256;
-0.5731243;
-0.440158;
-0.34765673;
0.44161493;
1.1364534;
1.6751912;
2.0178971;
2.1922274;
2.2193682;
2.145;
1.9818664;
1.7807325;
1.5507685;
1.3258128;
1.1181173;
0.91081005;
0.7299899;
0.5830519;
0.46176487;
0.39372298;
-0.38650787;
-1.100332;
-1.6522231;
-2.0148659;
-2.1869955;
-2.2050478;
-2.1410701;
-2.0036645;
-1.8216045;
-1.5953393;
-1.3601952;
-1.1286752;
-0.9184701;
-0.7225464;
-0.5811384;
-0.44090247;
-0.36229652;
0.43499306;
1.145147;
1.6759987;
2.017972;
2.192234;
2.2193687;
2.145;
1.9891516;
1.7767551;
1.5503991;
1.3330638;
1.1141367;
0.9250108;
0.72200036;
0.5823097;
0.4616958;
0.39371657;
-0.39795226;
-1.0940841;
-1.6516426;
-2.014812;
-2.1869907;
-2.2050471;
-2.1296263;
-2.0099123;
-1.8221848;
-1.5953933;
-1.3602002;
-1.1286757;
-0.9070263;
-0.7287942;
-0.5671482;
-0.44891158;
-0.34846997;
0.4415394;
1.1364465;
1.6751907;
2.0178971;
2.1922274;
2.2193682;
2.145;
1.9891516;
1.7767551;
1.5503991;
1.3330638;
1.1141367;
0.9250108;
0.72200036;
0.5823097;
0.4616958;
0.39371657;
-0.39795226;
-1.0940841;
-1.6516426;
-2.014812;
-2.1869907;
-2.2050471;
-2.1296263;
-1.9984685;
-1.816989;
-1.5907779;
-1.3556387;
-1.1241193;
-0.9139141;
-0.72943413;
-0.5672076;
-0.44891712;
-0.34847045;
0.4269687;
1.1444016;
1.6759297;
2.0179658;
2.1849482;
2.2233462;
2.1453695;
1.989186;
1.7913289;
1.5570148;
1.3243697;
1.1133292;
0.9249358;
0.7334371;
0.57606107;
0.47255918;
0.3874147;
-0.39853764;
-1.0941385;
-1.640204;
-2.0210605;
-2.187571;
-2.205101;
-2.1296315;
-1.9984691;
-1.816989;
-1.5907779;
-1.3556387;
-1.1241193;
-0.9139141;
-0.7148636;
-0.5751628;
-0.44965616;
-0.34853902;
0.42696235;
1.1444011;
1.6613588;
2.0259209;
2.1856873;
2.2161295;
2.1493533;
1.9895563;
1.7913634;
1.5424472;
1.332325;
1.1140679;
0.9104339;
0.7299549;
0.58304876;
0.46176457;
0.39372298;
-0.39795166;
-1.0940841;
-1.6516426;
-2.014812;
-2.1869907;
-2.1936033;
-2.1244304;
-1.9938531;
-1.8124275;
-1.5862216;
-1.3625265;
-1.1247592;
-0.9025301;
-0.72111696;
-0.5611731;
-0.4430946;
-0.35723817;
0.4407249;
1.1363708;
1.6606128;
2.0185661;
2.1896586;
2.2164984;
2.1421025;
1.9862514;
1.7811399;
1.5508063;
1.3258162;
1.1181179;
0.91081005;
0.7299899;
0.5830519;
0.46176487;
0.39372298;
-0.38650787;
-1.100332;
-1.6407791;
-2.021114;
-2.187576;
-2.1936579;
-2.1244357;
-1.9938537;
-1.8124276;
-1.5862216;
-1.3510828;
-1.1195633;
-0.90935826;
-0.7217513;
-0.5612321;
-0.4431001;
-0.35723877;
0.4407248;
1.1363708;
1.6606128;
2.0185661;
2.1896586;
2.2164984;
2.1421025;
1.9862514;
1.7811399;
1.5435209;
1.3297937;
1.1112021;
0.9002514;
0.7383176;
0.57238203;
0.4680844;
0.39431;
-0.39789712;
-1.094079;
-1.6401983;
-2.009616;
-2.1823752;
-2.200486;
-2.1136262;
-1.9887168;
-1.8078177;
-1.5816605;
-1.3579701;
-1.120203;
-0.9094176;
-0.7144716;
-0.5652102;
-0.4434697;
-0.35727313;
0.44072157;
1.1363704;
1.6606128;
2.0185661;
2.175088;
2.209883;
2.136226;
1.9950145;
1.781954;
1.5508821;
1.3258232;
1.1181185;
0.9108101;
0.7299899;
0.5830519;
0.47320864;
0.387475;
-0.38708827;
-1.100386;
-1.6407841;
-2.0096705;
-2.1823802;
-2.2004864;
-2.1250699;
-1.9824688;
-1.8072371;
