input = [
-2.6908617;
-2.0368214;
-1.3812879;
-0.79490817;
-0.2505537;
0.21805595;
0.56741536;
0.8176421;
0.958204;
1.0215013;
0.96890116;
0.85307956;
0.7027707;
0.5486198;
0.40269282;
0.24830876;
0.12238452;
0.021991797;
-0.056320712;
-0.12018314;
-0.14741884;
-0.16203173;
-0.15894112;
-0.14911892;
-0.12627326;
-0.10126342;
-0.10211847;
-0.08662142;
-0.08836016;
-0.084388986;
-0.07988736;
-0.08678025;
-0.0759768;
-0.08228427;
-0.082870215;
-0.08292465;
-11.962931;
-11.024544;
-8.801822;
-6.2801495;
-3.8235018;
-1.5922499;
0.32295337;
1.8455138;
2.9525516;
3.6577213;
3.997704;
3.9965482;
3.7485657;
3.2940893;
2.7558613;
2.1137173;
1.4602927;
0.8422414;
0.2821136;
-0.1884481;
-0.561443;
-0.8343052;
-0.98372537;
-1.0255479;
-0.9778388;
-0.8521927;
-0.7205163;
-0.5601476;
-0.40601537;
-0.2579251;
-0.1190973;
-0.012294634;
0.069069535;
0.13491577;
0.17159504;
0.18714811;
0.18960728;
0.1604937;
0.13654077;
0.12439935;
0.11072424;
0.10156101;
0.0928169;
0.091397054;
0.09328857;
0.08354801;
0.07738124;
0.07883177;
0.08362088;
0.08406578;
11.9641075;
11.119015;
8.979557;
6.5083456;
4.078534;
1.8349969;
-0.09268387;
-1.6753061;
-2.8262887;
-3.5455298;
-3.9353764;
-4.005332;
-3.7562847;
-3.3027513;
-2.7195857;
-2.0633316;
-1.4231691;
-0.8121513;
-0.28426272;
0.19012825;
0.5400247;
0.80174506;
0.94750696;
1.0154206;
0.96738195;
0.85611665;
0.7103639;
0.56076896;
0.4079529;
0.26437446;
0.13214236;
0.031163681;
-0.058647044;
-0.116266534;
-0.1429223;
-0.16892508;
-0.1595815;
-0.14917842;
-0.11483501;
-0.10751194;
-0.10269894;
-0.08667534;
-0.088365175;
-0.08438945;
-0.079887405;
-0.07533648;
-0.08222479;
-0.08286469;
-0.08292413;
-0.082929656;
-11.962931;
-11.024544;
-8.813266;
-6.296789;
-3.8447566;
-1.6160026;
0.30496094;
1.8280567;
2.9351442;
3.654889;
3.9942026;
4.010186;
3.7498326;
3.316063;
2.7876513;
2.1543121;
1.5023129;
0.8823708;
0.3174129;
-0.16088277;
-0.5372271;
-0.8203167;
-0.9905196;
-1.0229405;
-0.96241844;
-0.8620924;
-0.7115197;
-0.56862056;
-0.40680248;
-0.2579982;
-0.11910409;
-0.0122952685;
0.06906948;
0.13491577;
0.17159504;
0.18714811;
0.18232197;
0.15718597;
0.14088784;
0.11751787;
0.10016869;
0.095318526;
0.10154573;
0.08492262;
0.08277084;
0.07730904;
0.08611038;
0.079642676;
0.08369622;
0.08407277;
11.964109;
11.1044445;
8.972941;
6.502469;
4.0508704;
1.8099241;
-0.12298761;
-1.6987835;
-2.8376908;
-3.563118;
-3.9420967;
-4.0183554;
-3.758449;
-3.2768862;
-2.7016063;
-2.0305085;
-1.3921454;
-0.7886058;
-0.24996823;
0.20666653;
0.57366836;
0.80677915;
0.96450543;
1.0106429;
0.9637597;
0.84846914;
0.70965356;
0.5492591;
0.39130843;
0.25456226;
0.122965425;
0.022045761;
-0.056315698;
-0.12018269;
-0.15886259;
-0.15578373;
-0.15836072;
-0.149065;
-0.114824474;
-0.107510954;
-0.10269885;
-0.08667533;
-0.088365175;
-0.08438945;
-0.079887405;
-0.07533648;
-0.08222479;
-0.08286469;
-0.08292413;
-0.082929656;
-11.962931;
-11.024544;
-8.813266;
-6.285346;
-3.8395607;
-1.6082606;
0.29637164;
1.8418291;
2.9489708;
3.6567812;
4.0069256;
4.0119753;
3.7552607;
3.3218293;
2.7788782;
2.1462116;
1.4989296;
0.86485493;
0.30789298;
-0.16966006;
-0.5459353;
-0.82173324;
-0.9886277;
-1.0181104;
-0.9765403;
-0.85409546;
-0.71077687;
-0.56855154;
-0.39951068;
-0.24740458;
-0.12742868;
-0.01306859;
0.076282956;
0.13093153;
0.1712249;
0.20168437;
0.18164891;
0.1597544;
0.13647208;
0.12439297;
0.11072363;
0.101560935;
0.0928169;
0.091397054;
0.09328857;
0.08354801;
0.07738124;
0.08611709;
0.08692862;
0.087004006;
11.967012;
11.114631;
8.964579;
6.523548;
4.075292;
1.8461392;
-0.09895979;
-1.6758893;
-2.826343;
-3.5455346;
-3.923933;
-3.9886928;
-3.723586;
-3.2602952;
-2.6565137;
-2.0088344;
-1.353892;
-0.76756704;
-0.2232175;
0.22250408;
0.5729157;
0.80766356;
0.94996595;
0.99784845;
0.94699466;
0.8386464;
0.68903184;
0.53494537;
0.37758055;
0.2408894;
0.120740384;
0.013573646;
-0.06536813;
-0.11784524;
-0.15133438;
-0.15508439;
-0.15829575;
-0.13761519;
-0.10962812;
-0.10289551;
-0.09813738;
-0.09356266;
-0.0775612;
-0.09069687;
-0.08047334;
-0.075390905;
-0.08222984;
-0.08286516;
-0.08292417;
-0.082929656;
-11.962931;
-11.024544;
-8.813266;
-6.296789;
-3.8447566;
-1.6014321;
0.31157652;
1.8339332;
2.9336667;
3.664668;
4.0076585;
4.012043;
3.7406964;
3.2933583;
2.7412226;
2.0998101;
1.4365373;
0.82688;
0.26753178;
-0.19567218;
-0.5653526;
-0.84256124;
-0.99238515;
-1.0123893;
-0.97661644;
-0.85207915;
-0.7059352;
-0.55353117;
-0.3928535;
-0.24880953;
-0.11764294;
-0.014182923;
0.071525075;
0.14506015;
0.170514;
0.19696397;
0.18121041;
0.17428428;
0.13579845;
0.11967603;
0.110285446;
0.10152024;
0.09281312;
0.091396704;
0.0787179;
0.076932535;
0.08607541;
0.08692475;
0.08700365;
0.08701098;
11.967012;
11.114631;
8.97915;
6.5155926;
4.081838;
1.8420932;
-0.08789189;
-1.6821721;
-2.8269267;
-3.545589;
-3.9124942;
-3.9949408;
-3.7241664;
-3.2603493;
-2.6794062;
-2.0306702;
-1.3797622;
-0.7750573;
-0.24775529;
0.21513751;
0.55983317;
0.80549395;
0.9414984;
0.9887965;
0.9378884;
0.829535;
0.6913638;
0.5310292;
0.38452786;
0.24153477;
0.120800346;
0.013579221;
-0.05392383;
-0.11264941;
-0.146719;
-0.15052292;
-0.14229552;
-0.12786342;
-0.11190058;
-0.098973915;
-0.09364037;
-0.0890122;
-0.08444955;
-0.07989299;
-0.08678078;
-0.07597685;
-0.08228428;
-0.082870215;
-0.08292465;
-0.0829297;
-11.962931;
-11.024544;
-8.813266;
-6.2739015;
-3.8343651;
-1.5932332;
0.32023117;
1.8499155;
2.9529603;
3.6796153;
4.007631;
4.0199337;
3.7566075;
3.298075;
2.7495537;
2.108477;
1.459806;
0.82762575;
0.27549392;
-0.18703961;
-0.5639431;
-0.8444537;
-0.98993003;
-1.0168155;
-0.97702765;
-0.8521173;
-0.7059387;
-0.5681021;
-0.399469;
-0.24740067;
-0.1128577;
-0.0137383975;
0.07156637;
0.13049336;
0.1711842;
0.18710995;
0.18960375;
0.16049336;
0.13654074;
0.12439935;
0.11072424;
0.10156101;
0.0928169;
0.091397054;
0.07871793;
0.07693254;
0.08607541;
0.08692475;
0.08700365;
0.08701098;
11.967012;
11.114631;
8.964579;
6.501693;
4.072654;
1.8323157;
-0.09706561;
-1.679846;
-2.8193994;
-3.5448897;
-3.9124293;
-3.9720473;
-3.7137742;
-3.2511184;
-2.6588397;
-2.0163612;
-1.366035;
-0.77282774;
-0.2392827;
0.22419003;
0.5689395;
0.80316156;
0.945415;
0.9818492;
0.92579925;
0.81283545;
0.67010325;
0.51665616;
0.3707946;
0.22786087;
0.10713322;
0.011354656;
-0.0623959;
-0.11025807;
-0.13918577;
-0.1498231;
-0.14223051;
-0.12785737;
-0.10045624;
-0.093778074;
-0.08902499;
-0.084450744;
-0.09133688;
-0.080532804;
-0.08684021;
-0.08742614;
-0.08748058;
-0.087485634;
-0.08748611;
-0.087486155;
-11.967487;
-11.0290985;
-8.8178215;
-6.2899017;
-3.8326728;
-1.6003354;
0.31430954;
1.8513885;
2.9577518;
3.6654897;
4.0010567;
4.0213466;
3.7468224;
3.3064747;
2.7649045;
2.1224504;
1.4689969;
0.85094297;
0.29081482;
-0.17246154;
-0.56400466;
-0.83656657;
-1.0031604;
-1.0326152;
-0.97647196;
-0.8765526;
-0.7260178;
-0.57583684;
-0.42528194;
-0.27286965;
-0.13364038;
-0.012229769;
0.06846802;
0.13688329;
0.17643216;
0.2021681;
0.19626448;
0.17365937;
0.14565668;
0.12585375;
0.116121255;
0.10003895;
0.09530646;
0.086973965;
0.07830705;
0.07689437;
0.078786545;
0.06904605;
0.07744992;
0.0782306;
11.958304;
11.1132145;
8.988327;
6.5383015;
4.106411;
1.8783221;
-0.06386288;
-1.6478326;
-2.821828;
-3.5514722;
-3.939107;
-4.035877;
-3.790275;
-3.3338835;
-2.7545848;
-2.1028228;
-1.4443212;
-0.8389136;
-0.30010134;
0.17943713;
0.53394455;
0.800226;
0.9505441;
1.0001261;
0.9576957;
0.8469515;
0.7012471;
