output = [
3.0158064,2.0;
2.888486,2.0;
2.727418,2.0;
2.554078,2.0;
2.3776703,2.0;
2.2089324,2.0;
2.0601363,2.0;
1.9358839,2.0;
1.840777,2.0;
1.7732818,2.0;
1.7380003,2.0;
1.7303303,2.0;
1.7441362,2.0;
1.7717478,2.0;
1.8070294,2.0;
1.848447,2.0;
1.8898644,2.0;
1.928214,2.0;
1.9619615,2.0;
1.9911071,2.0;
2.0125828,2.0;
2.0279226,2.0;
2.0371265,2.0;
2.0417285,2.0;
2.0417285,2.0;
2.0386605,2.0;
2.0371265,2.0;
2.0340586,2.0;
2.0325246,2.0;
2.0309906,2.0;
2.0294566,2.0;
2.0294566,2.0;
2.0279226,2.0;
2.0279226,2.0;
2.0279226,2.0;
2.0279226,2.0;
2.0279226,2.0;
1.9021362,-2.0;
1.5355148,-2.0;
0.9909516,-2.0;
0.34514567,-2.0;
-0.3359375,-2.0;
-1.0,-2.0;
-1.6044922,-2.0;
-2.1201172,-2.0;
-2.5302734,-2.0;
-2.8291016,-2.0;
-3.015625,-2.0;
-3.1015625,-2.0;
-3.0986328,-2.0;
-3.0302734,-2.0;
-2.9072266,-2.0;
-2.7490234,-2.0;
-2.5732422,-2.0;
-2.3935547,-2.0;
-2.2226562,-2.0;
-2.069336,-2.0;
-1.9394531,-2.0;
-1.8398438,-2.0;
-1.7724609,-2.0;
-1.7363281,-2.0;
-1.7294922,-2.0;
-1.7412109,-2.0;
-1.7685547,-2.0;
-1.8046875,-2.0;
-1.8457031,-2.0;
-1.8886719,-2.0;
-1.9287109,-2.0;
-1.9638672,-2.0;
-1.9941406,-2.0;
-2.0175781,-2.0;
-2.0341797,-2.0;
-2.0449219,-2.0;
-2.0478516,-2.0;
-2.046875,-2.0;
-2.0449219,-2.0;
-2.0419922,-2.0;
-2.0390625,-2.0;
-2.0361328,-2.0;
-2.0341797,-2.0;
-2.0332031,-2.0;
-2.03125,-2.0;
-2.0292969,-2.0;
-2.0283203,-2.0;
-2.0283203,-2.0;
-2.0283203,-2.0;
-2.0283203,-2.0;
-1.9150391,2.0;
-1.5664062,2.0;
-1.0390625,2.0;
-0.40722656,2.0;
0.26691267,2.0;
0.9280584,2.0;
1.5385828,2.0;
2.0632043,2.0;
2.480447,2.0;
2.7903113,2.0;
2.9927967,2.0;
3.0879035,2.0;
3.0909715,2.0;
3.0204084,2.0;
2.8946218,2.0;
2.7366219,2.0;
2.561748,2.0;
2.3868742,2.0;
2.2181363,2.0;
2.0693402,2.0;
1.9435537,2.0;
1.846913,2.0;
1.7778838,2.0;
1.7410682,2.0;
1.7318643,2.0;
1.7441362,2.0;
1.7702138,2.0;
1.8054955,2.0;
1.845379,2.0;
1.8867965,2.0;
1.925146,2.0;
1.9604275,2.0;
1.9895731,2.0;
2.0110488,2.0;
2.0279226,2.0;
2.0371265,2.0;
2.0417285,2.0;
2.0401945,2.0;
2.0386605,2.0;
2.0371265,2.0;
2.0340586,2.0;
2.0325246,2.0;
2.0309906,2.0;
2.0294566,2.0;
2.0279226,2.0;
2.0279226,2.0;
2.0279226,2.0;
2.0279226,2.0;
2.0279226,2.0;
2.0279226,2.0;
1.9021362,-2.0;
1.5370488,-2.0;
0.99401957,-2.0;
0.34974763,-2.0;
-0.33007812,-2.0;
-0.9941406,-2.0;
-1.5986328,-2.0;
-2.1142578,-2.0;
-2.5263672,-2.0;
-2.8261719,-2.0;
-3.015625,-2.0;
-3.1015625,-2.0;
-3.1015625,-2.0;
-3.0361328,-2.0;
-2.9160156,-2.0;
-2.7597656,-2.0;
-2.584961,-2.0;
-2.4052734,-2.0;
-2.2333984,-2.0;
-2.0791016,-2.0;
-1.9472656,-2.0;
-1.84375,-2.0;
-1.7753906,-2.0;
-1.7402344,-2.0;
-1.7304688,-2.0;
-1.7431641,-2.0;
-1.7685547,-2.0;
-1.8046875,-2.0;
-1.8457031,-2.0;
-1.8886719,-2.0;
-1.9287109,-2.0;
-1.9638672,-2.0;
-1.9941406,-2.0;
-2.0175781,-2.0;
-2.0341797,-2.0;
-2.0439453,-2.0;
-2.046875,-2.0;
-2.046875,-2.0;
-2.0439453,-2.0;
-2.040039,-2.0;
-2.0371094,-2.0;
-2.0361328,-2.0;
-2.0332031,-2.0;
-2.03125,-2.0;
-2.0292969,-2.0;
-2.0292969,-2.0;
-2.0283203,-2.0;
-2.0283203,-2.0;
-2.0283203,-2.0;
-2.0283203,-2.0;
-1.9130859,2.0;
-1.5644531,2.0;
-1.0371094,2.0;
-0.40234375,2.0;
0.27304858,2.0;
0.9357283,2.0;
1.5462526,2.0;
2.0693402,2.0;
2.4865828,2.0;
2.794913,2.0;
2.9973986,2.0;
3.0909715,2.0;
3.0894375,2.0;
3.0173404,2.0;
2.888486,2.0;
2.728952,2.0;
2.554078,2.0;
2.3776703,2.0;
2.2104664,2.0;
2.0601363,2.0;
1.9374177,2.0;
1.840777,2.0;
1.7748158,2.0;
1.7395343,2.0;
1.7318643,2.0;
1.7441362,2.0;
1.7717478,2.0;
1.8085634,2.0;
1.848447,2.0;
1.8898644,2.0;
1.928214,2.0;
1.9619615,2.0;
1.9911071,2.0;
2.0141168,2.0;
2.0279226,2.0;
2.0371265,2.0;
2.0417285,2.0;
2.0401945,2.0;
2.0386605,2.0;
2.0371265,2.0;
2.0340586,2.0;
2.0325246,2.0;
2.0309906,2.0;
2.0294566,2.0;
2.0279226,2.0;
2.0279226,2.0;
2.0279226,2.0;
2.0279226,2.0;
2.0279226,2.0;
2.0279226,2.0;
1.9021362,-2.0;
1.5370488,-2.0;
0.9924856,-2.0;
0.34821364,-2.0;
-0.33203125,-2.0;
-0.9941406,-2.0;
-1.6005859,-2.0;
-2.1171875,-2.0;
-2.5283203,-2.0;
-2.8291016,-2.0;
-3.0175781,-2.0;
-3.1035156,-2.0;
-3.1035156,-2.0;
-3.0361328,-2.0;
-2.915039,-2.0;
-2.758789,-2.0;
-2.5820312,-2.0;
-2.4023438,-2.0;
-2.2304688,-2.0;
-2.0761719,-2.0;
-1.9453125,-2.0;
-1.8427734,-2.0;
-1.7753906,-2.0;
-1.7382812,-2.0;
-1.7304688,-2.0;
-1.7431641,-2.0;
-1.7685547,-2.0;
-1.8056641,-2.0;
-1.8476562,-2.0;
-1.8886719,-2.0;
-1.9287109,-2.0;
-1.9648438,-2.0;
-1.9941406,-2.0;
-2.0175781,-2.0;
-2.0361328,-2.0;
-2.0449219,-2.0;
-2.0478516,-2.0;
-2.046875,-2.0;
-2.0449219,-2.0;
-2.0419922,-2.0;
-2.0390625,-2.0;
-2.0361328,-2.0;
-2.0341797,-2.0;
-2.0332031,-2.0;
-2.03125,-2.0;
-2.0292969,-2.0;
-2.0292969,-2.0;
-2.0292969,-2.0;
-2.0292969,-2.0;
-2.0292969,-2.0;
-1.9150391,2.0;
-1.5644531,2.0;
-1.0400391,2.0;
-0.40722656,2.0;
0.26537868,2.0;
0.9280584,2.0;
1.5385828,2.0;
2.0632043,2.0;
2.480447,2.0;
2.7887774,2.0;
2.9897287,2.0;
3.0817676,2.0;
3.0817676,2.0;
3.0066025,2.0;
2.879282,2.0;
2.718214,2.0;
2.5448742,2.0;
2.3684664,2.0;
2.2027965,2.0;
2.0555344,2.0;
1.9343499,2.0;
1.840777,2.0;
1.7763498,2.0;
1.7426022,2.0;
1.7349323,2.0;
1.7487382,2.0;
1.7763498,2.0;
1.8131653,2.0;
1.8530488,2.0;
1.8929324,2.0;
1.9312819,2.0;
1.9650295,2.0;
1.9926411,2.0;
2.0141168,2.0;
2.0279226,2.0;
2.0371265,2.0;
2.0401945,2.0;
2.0386605,2.0;
2.0371265,2.0;
2.0355926,2.0;
2.0340586,2.0;
2.0309906,2.0;
2.0309906,2.0;
2.0294566,2.0;
2.0279226,2.0;
2.0279226,2.0;
2.0279226,2.0;
2.0279226,2.0;
2.0279226,2.0;
2.0279226,2.0;
1.9021362,-2.0;
1.5370488,-2.0;
0.99401957,-2.0;
0.34974763,-2.0;
-0.33203125,-2.0;
-0.99609375,-2.0;
-1.6005859,-2.0;
-2.1152344,-2.0;
-2.5283203,-2.0;
-2.8291016,-2.0;
-3.0175781,-2.0;
-3.1015625,-2.0;
-3.0986328,-2.0;
-3.0283203,-2.0;
-2.9042969,-2.0;
-2.7441406,-2.0;
-2.5683594,-2.0;
-2.3886719,-2.0;
-2.21875,-2.0;
-2.0664062,-2.0;
-1.9365234,-2.0;
-1.8369141,-2.0;
-1.7724609,-2.0;
-1.7363281,-2.0;
-1.7294922,-2.0;
-1.7431641,-2.0;
-1.7705078,-2.0;
-1.8076172,-2.0;
-1.8486328,-2.0;
-1.890625,-2.0;
-1.9296875,-2.0;
-1.9648438,-2.0;
-1.9960938,-2.0;
-2.0185547,-2.0;
-2.0361328,-2.0;
-2.0449219,-2.0;
-2.0498047,-2.0;
-2.0478516,-2.0;
-2.0449219,-2.0;
-2.0419922,-2.0;
-2.0390625,-2.0;
-2.0361328,-2.0;
-2.0341797,-2.0;
-2.03125,-2.0;
-2.0292969,-2.0;
-2.0292969,-2.0;
-2.0292969,-2.0;
-2.0292969,-2.0;
-2.0292969,-2.0;
-2.0292969,-2.0;
-1.9150391,2.0;
-1.5664062,2.0;
-1.0400391,2.0;
-0.40820312,2.0;
0.26537868,2.0;
0.9265244,2.0;
1.5385828,2.0;
2.0632043,2.0;
2.480447,2.0;
2.7872434,2.0;
2.9897287,2.0;
3.0817676,2.0;
3.0817676,2.0;
3.0096705,2.0;
2.883884,2.0;
2.72435,2.0;
2.5494761,2.0;
2.3746023,2.0;
2.2073984,2.0;
2.0601363,2.0;
1.9374177,2.0;
1.843845,2.0;
1.7794178,2.0;
1.7456702,2.0;
1.7380003,2.0;
1.7502722,2.0;
1.7778838,2.0;
1.8131653,2.0;
1.8530488,2.0;
1.8929324,2.0;
1.9312819,2.0;
1.9634955,2.0;
1.9911071,2.0;
2.0125828,2.0;
2.0263886,2.0;
2.0340586,2.0;
2.0371265,2.0;
2.0371265,2.0;
2.0355926,2.0;
2.0340586,2.0;
2.0325246,2.0;
2.0309906,2.0;
2.0294566,2.0;
2.0294566,2.0;
2.0279226,2.0;
2.0279226,2.0;
2.0279226,2.0;
2.0279226,2.0;
2.0279226,2.0;
2.0279226,2.0;
1.9021362,-2.0;
1.5370488,-2.0;
0.9909516,-2.0;
0.34667966,-2.0;
-0.33496094,-2.0;
-0.99902344,-2.0;
-1.6044922,-2.0;
-2.1201172,-2.0;
-2.5332031,-2.0;
-2.8320312,-2.0;
-3.0205078,-2.0;
-3.1054688,-2.0;
-3.1015625,-2.0;
-3.03125,-2.0;
-2.9072266,-2.0;
-2.7490234,-2.0;
-2.571289,-2.0;
-2.3916016,-2.0;
-2.2216797,-2.0;
-2.0683594,-2.0;
-1.9375,-2.0;
-1.8378906,-2.0;
-1.7724609,-2.0;
-1.7363281,-2.0;
-1.7294922,-2.0;
-1.7431641,-2.0;
-1.7685547,-2.0;
-1.8056641,-2.0;
-1.8476562,-2.0;
-1.890625,-2.0;
-1.9296875,-2.0;
-1.9648438,-2.0;
-1.9941406,-2.0;
-2.0175781,-2.0;
-2.0341797,-2.0;
