value = [
0.9740778,1.0;
0.9740778,1.0;
0.9740778,1.0;
0.9740778,1.0;
0.9740778,1.0;
0.9740778,1.0;
0.9740778,1.0;
0.9740778,1.0;
0.9740778,1.0;
0.9740778,1.0;
0.9740778,1.0;
0.9740778,1.0;
0.9096506,-1.0;
0.7301749,-1.0;
0.46786416,-1.0;
0.16260196,-1.0;
-0.16015625,-1.0;
-0.47753906,-1.0;
-0.7714844,-1.0;
-1.0292969,-1.0;
-1.2382812,-1.0;
-1.3935547,-1.0;
-1.4912109,-1.0;
-1.5361328,-1.0;
-1.5332031,-1.0;
-1.4912109,-1.0;
-1.4267578,-1.0;
-1.3486328,-1.0;
-1.2646484,-1.0;
-1.1787109,-1.0;
-1.0986328,-1.0;
-1.0283203,-1.0;
-0.96777344,-1.0;
-0.9238281,-1.0;
-0.89160156,-1.0;
-0.8730469,-1.0;
-0.8671875,-1.0;
-0.8701172,-1.0;
-0.8779297,-1.0;
-0.88964844,-1.0;
-0.9033203,-1.0;
-0.9189453,-1.0;
-0.9345703,-1.0;
-0.9501953,-1.0;
-0.9638672,-1.0;
-0.9746094,-1.0;
-0.9824219,-1.0;
-0.9892578,-1.0;
-0.99316406,-1.0;
-0.9941406,-1.0;
-0.9941406,-1.0;
-0.9941406,-1.0;
-0.9941406,-1.0;
-0.9941406,-1.0;
-0.9941406,-1.0;
-0.9941406,-1.0;
-0.9941406,-1.0;
-0.9941406,-1.0;
-0.9941406,-1.0;
-0.9941406,-1.0;
-0.9941406,-1.0;
-0.9941406,-1.0;
-0.9941406,-1.0;
-0.9941406,-1.0;
-0.9941406,-1.0;
-0.9941406,-1.0;
-0.9941406,-1.0;
-0.9941406,-1.0;
-0.9941406,-1.0;
-0.9941406,-1.0;
-0.9941406,-1.0;
-0.9941406,-1.0;
-0.9941406,-1.0;
-0.9941406,-1.0;
-0.9941406,-1.0;
-0.9941406,-1.0;
-0.9941406,-1.0;
-0.9941406,-1.0;
-0.9941406,-1.0;
-0.9941406,-1.0;
-0.9941406,-1.0;
-0.9941406,-1.0;
-0.9941406,-1.0;
-0.9941406,-1.0;
-0.9941406,-1.0;
-0.9941406,-1.0;
-0.9941406,-1.0;
-0.9941406,-1.0;
-0.9941406,-1.0;
-0.9941406,-1.0;
-0.9941406,-1.0;
-0.9941406,-1.0;
-0.9941406,-1.0;
-0.9941406,-1.0;
-0.9941406,-1.0;
-0.9941406,-1.0;
-0.9941406,-1.0;
-0.9941406,-1.0;
-0.9941406,-1.0;
-0.9941406,-1.0;
-0.9941406,-1.0;
-0.9941406,-1.0;
-0.9941406,-1.0;
-0.9941406,-1.0;
-0.9941406,-1.0;
-0.9941406,-1.0;
-0.9941406,-1.0;
-0.9941406,-1.0;
-0.9941406,-1.0;
-0.9941406,-1.0;
-0.9941406,-1.0;
-0.9941406,-1.0;
-0.9941406,-1.0;
-0.9941406,-1.0;
-0.9941406,-1.0;
-0.9941406,-1.0;
-0.9941406,-1.0;
-0.9941406,-1.0;
-0.9941406,-1.0;
-0.9941406,-1.0;
-0.9941406,-1.0;
-0.9941406,-1.0;
-0.9941406,-1.0;
-0.9941406,-1.0;
-0.9941406,-1.0;
-0.9941406,-1.0;
-0.9941406,-1.0;
-0.9941406,-1.0;
-0.9941406,-1.0;
-0.9941406,-1.0;
-0.9941406,-1.0;
-0.9941406,-1.0;
-0.9941406,-1.0;
-0.9941406,-1.0;
-0.9941406,-1.0;
-0.9941406,-1.0;
-0.9941406,-1.0;
-0.9375,1.0;
-0.7714844,1.0;
-0.5214844,1.0;
-0.21972656,1.0;
0.101242736,1.0;
0.41877678,1.0;
0.7163691,1.0;
0.9756118,1.0;
1.1842332,1.0;
1.3422332,1.0;
1.4465439,1.0;
1.5002333,1.0;
1.5048351,1.0;
1.4741555,1.0;
1.4173982,1.0;
1.3453012,1.0;
1.2640002,1.0;
1.1842332,1.0;
1.1075342,1.0;
1.0400391,1.0;
0.9848157,1.0;
0.94339824,1.0;
0.91732055,1.0;
0.90198076,1.0;
0.8989128,1.0;
0.9035147,1.0;
0.9111846,1.0;
0.9219225,1.0;
0.9341943,1.0;
0.94800013,1.0;
0.958738,1.0;
0.96947587,1.0;
0.9771458,1.0;
0.98328173,1.0;
0.9878837,1.0;
0.9909516,1.0;
0.9909516,1.0;
0.9909516,1.0;
0.9909516,1.0;
0.9909516,1.0;
0.9909516,1.0;
0.9909516,1.0;
0.9909516,1.0;
0.9909516,1.0;
0.9909516,1.0;
0.9909516,1.0;
0.9909516,1.0;
0.9909516,1.0;
0.9909516,1.0;
0.9909516,1.0;
0.9909516,1.0;
0.9909516,1.0;
0.9909516,1.0;
0.9909516,1.0;
0.9909516,1.0;
0.9909516,1.0;
0.9909516,1.0;
0.9909516,1.0;
0.9909516,1.0;
0.9909516,1.0;
0.9909516,1.0;
0.9909516,1.0;
0.9909516,1.0;
0.9909516,1.0;
0.9909516,1.0;
0.9909516,1.0;
0.9909516,1.0;
0.9909516,1.0;
0.9909516,1.0;
0.9909516,1.0;
0.9909516,1.0;
0.9909516,1.0;
0.9909516,1.0;
0.9909516,1.0;
0.9909516,1.0;
0.9909516,1.0;
0.9909516,1.0;
0.9909516,1.0;
0.9909516,1.0;
0.9909516,1.0;
0.9909516,1.0;
0.9909516,1.0;
0.9909516,1.0;
0.9909516,1.0;
0.9909516,1.0;
0.9909516,1.0;
0.9909516,1.0;
0.9909516,1.0;
0.9909516,1.0;
0.9909516,1.0;
0.9909516,1.0;
0.9909516,1.0;
0.9909516,1.0;
0.9909516,1.0;
0.9909516,1.0;
0.9909516,1.0;
0.9909516,1.0;
0.9909516,1.0;
0.9909516,1.0;
0.9909516,1.0;
0.9909516,1.0;
0.9909516,1.0;
0.9909516,1.0;
0.9909516,1.0;
0.9909516,1.0;
0.9909516,1.0;
0.9909516,1.0;
0.9909516,1.0;
0.9909516,1.0;
0.9909516,1.0;
0.9909516,1.0;
0.9909516,1.0;
0.9909516,1.0;
0.9909516,1.0;
0.9909516,1.0;
0.9909516,1.0;
0.9909516,1.0;
0.9909516,1.0;
0.9909516,1.0;
0.9909516,1.0;
0.9909516,1.0;
0.9909516,1.0;
0.9909516,1.0;
0.9909516,1.0;
0.9909516,1.0;
0.9249905,-1.0;
0.7424467,-1.0;
0.47860202,-1.0;
0.17180586,-1.0;
-0.15332031,-1.0;
-0.47460938,-1.0;
-0.7714844,-1.0;
-1.0292969,-1.0;
-1.2392578,-1.0;
-1.3916016,-1.0;
-1.4902344,-1.0;
-1.5332031,-1.0;
-1.5283203,-1.0;
-1.4882812,-1.0;
-1.4257812,-1.0;
-1.3466797,-1.0;
-1.2626953,-1.0;
-1.1767578,-1.0;
-1.0986328,-1.0;
-1.0283203,-1.0;
-0.96972656,-1.0;
-0.9248047,-1.0;
-0.8964844,-1.0;
-0.87890625,-1.0;
-0.875,-1.0;
-0.87890625,-1.0;
-0.8886719,-1.0;
-0.9003906,-1.0;
-0.9160156,-1.0;
-0.9296875,-1.0;
-0.9453125,-1.0;
-0.95703125,-1.0;
-0.96972656,-1.0;
-0.9785156,-1.0;
-0.9863281,-1.0;
-0.99121094,-1.0;
-0.99316406,-1.0;
-0.9941406,-1.0;
-0.9941406,-1.0;
-0.9941406,-1.0;
-0.9941406,-1.0;
-0.9941406,-1.0;
-0.9941406,-1.0;
-0.9941406,-1.0;
-0.9941406,-1.0;
-0.9941406,-1.0;
-0.9941406,-1.0;
-0.9941406,-1.0;
-0.9941406,-1.0;
-0.9941406,-1.0;
-0.9941406,-1.0;
-0.9941406,-1.0;
-0.9941406,-1.0;
-0.9941406,-1.0;
-0.9941406,-1.0;
-0.9941406,-1.0;
-0.9941406,-1.0;
-0.9941406,-1.0;
-0.9941406,-1.0;
-0.9941406,-1.0;
-0.9941406,-1.0;
-0.9941406,-1.0;
-0.9941406,-1.0;
-0.9941406,-1.0;
-0.9941406,-1.0;
-0.9941406,-1.0;
-0.9941406,-1.0;
-0.9941406,-1.0;
-0.9941406,-1.0;
-0.9941406,-1.0;
-0.9941406,-1.0;
-0.9941406,-1.0;
-0.9941406,-1.0;
-0.9941406,-1.0;
-0.9941406,-1.0;
-0.9941406,-1.0;
-0.9941406,-1.0;
-0.9941406,-1.0;
-0.9941406,-1.0;
-0.9941406,-1.0;
-0.9941406,-1.0;
-0.9941406,-1.0;
-0.9941406,-1.0;
-0.9941406,-1.0;
-0.9941406,-1.0;
-0.9941406,-1.0;
-0.9941406,-1.0;
-0.9941406,-1.0;
-0.9941406,-1.0;
-0.9941406,-1.0;
-0.9941406,-1.0;
-0.9941406,-1.0;
-0.9941406,-1.0;
-0.9941406,-1.0;
-0.9941406,-1.0;
-0.9941406,-1.0;
-0.9941406,-1.0;
-0.9941406,-1.0;
-0.9941406,-1.0;
-0.9941406,-1.0;
-0.9941406,-1.0;
-0.9941406,-1.0;
-0.9941406,-1.0;
-0.9941406,-1.0;
-0.9941406,-1.0;
-0.9941406,-1.0;
-0.9941406,-1.0;
-0.9941406,-1.0;
-0.9941406,-1.0;
-0.9941406,-1.0;
-0.9941406,-1.0;
-0.9941406,-1.0;
-0.9941406,-1.0;
-0.9941406,-1.0;
-0.9941406,-1.0;
-0.9941406,-1.0;
-0.9941406,-1.0;
-0.9941406,-1.0;
-0.9941406,-1.0;
-0.9941406,-1.0;
-0.9941406,-1.0;
-0.9941406,-1.0;
-0.9941406,-1.0;
-0.9941406,-1.0;
-0.9941406,-1.0;
-0.9355469,1.0;
-0.7705078,1.0;
-0.5205078,1.0;
-0.21972656,1.0;
0.09970875,1.0;
0.4172428,1.0;
0.7148351,1.0;
0.9756118,1.0;
1.1826992,1.0;
1.3406992,1.0;
1.4465439,1.0;
1.4986993,1.0;
1.5033011,1.0;
1.4710876,1.0;
1.4143302,1.0;
1.3422332,1.0;
1.2624662,1.0;
1.1826992,1.0;
1.1060002,1.0;
1.0385051,1.0;
0.9848157,1.0;
0.94339824,1.0;
0.91578656,1.0;
0.90198076,1.0;
0.9004468,1.0;
0.90504867,1.0;
0.9127186,1.0;
0.9234565,1.0;
0.9357283,1.0;
0.94800013,1.0;
0.958738,1.0;
0.96947587,1.0;
0.9771458,1.0;
0.98328173,1.0;
0.9878837,1.0;
0.9894177,1.0;
0.9894177,1.0;
0.9894177,1.0;
0.9894177,1.0;
0.9894177,1.0;
0.9894177,1.0;
0.9894177,1.0;
0.9894177,1.0;
0.9894177,1.0;
0.9894177,1.0;
0.9894177,1.0;
0.9894177,1.0;
0.9894177,1.0;
0.9894177,1.0;
0.9894177,1.0;
0.9894177,1.0;
0.9894177,1.0;
0.9894177,1.0;
0.9894177,1.0;
0.9894177,1.0;
0.9894177,1.0;
0.9894177,1.0;
0.9894177,1.0;
0.9894177,1.0;
0.9894177,1.0;
0.9894177,1.0;
0.9894177,1.0;
0.9894177,1.0;
0.9894177,1.0;
0.9894177,1.0;
0.9894177,1.0;
0.9894177,1.0;
0.9894177,1.0;
0.9894177,1.0;
0.9894177,1.0;
0.9894177,1.0;
0.9894177,1.0;
0.9894177,1.0;
0.9894177,1.0;
0.9894177,1.0;
0.9894177,1.0;
0.9894177,1.0;
0.9894177,1.0;
0.9894177,1.0;
