input = [
1.826725;
1.7958659;
1.7539971;
1.6717782;
1.5750155;
1.4639876;
1.3484367;
1.2342253;
1.1002357;
0.95550406;
0.8155051;
0.6555814;
0.49092984;
0.3261684;
0.16541645;
-0.02094699;
-0.19719453;
-0.38421172;
-0.5623483;
-0.75613064;
-0.91404426;
-1.0703384;
-1.1955104;
-1.321119;
-1.431683;
-1.5444193;
-1.6188564;
-1.6839683;
-1.7457995;
-1.7852887;
-1.7727281;
-1.7606624;
-1.7310388;
-1.6582284;
-1.5762265;
-1.4837791;
-1.3721242;
-1.2390074;
-1.1175056;
-0.9685625;
-0.8258909;
-0.66961944;
-0.52429354;
-0.34931794;
-0.18211955;
0.0155600365;
0.20464814;
0.37785488;
0.5762095;
0.78249586;
0.96256995;
1.1275407;
1.2586968;
1.3795847;
1.4792595;
1.5961565;
1.6722039;
1.7449777;
1.8090014;
1.8348831;
1.8241482;
1.7864149;
1.7518405;
1.6536758;
1.5619994;
1.4552869;
1.3313246;
1.2187313;
1.0788693;
0.94323903;
0.79230833;
0.637633;
0.47174415;
0.3045199;
0.14064217;
-0.037920993;
-0.22445568;
-0.40490788;
-0.5937641;
-0.78108054;
-0.9380784;
-1.0822554;
-1.2011995;
-1.3321106;
-1.441211;
-1.5512807;
-1.6223305;
-1.7062465;
-1.7507883;
-1.7836082;
-1.7761484;
-1.7623068;
-1.7181516;
-1.6477051;
-1.5616338;
-1.4752624;
-1.3511543;
-1.2333333;
-1.1017723;
-0.9561206;
-0.81187195;
-0.6455745;
-0.4861321;
-0.32255185;
-0.14732619;
0.034123905;
0.22631645;
0.40727064;
0.60195;
0.8081094;
0.98821676;
1.13838;
1.2768452;
1.3973227;
1.4953393;
1.6026006;
1.6868858;
1.7596178;
1.8149004;
1.8206651;
1.8192632;
1.7789729;
1.7327821;
1.6552765;
1.546094;
1.4388752;
1.325185;
1.1909392;
1.0612319;
0.9193387;
0.77471006;
0.6194831;
0.45173326;
0.29335713;
0.12002833;
-0.06281743;
-0.24204099;
-0.42162633;
-0.61028975;
-0.7974229;
-0.9655042;
-1.1027656;
-1.2314869;
-1.3430562;
-1.4670886;
-1.5686233;
-1.6356615;
-1.7039092;
-1.7612543;
-1.7828016;
-1.7684888;
-1.7589817;
-1.7007791;
-1.6326506;
-1.5424168;
-1.4505768;
-1.3316044;
-1.2128614;
-1.0836294;
-0.9449342;
-0.7874162;
-0.636427;
-0.47303075;
-0.30775157;
-0.123218805;
0.0567422;
0.24413529;
0.43940708;
0.6336538;
0.83531874;
1.0077369;
1.1688414;
1.288418;
1.4152944;
1.5122137;
1.6170981;
1.6909895;
1.7784601;
1.8143513;
1.8400058;
1.8064401;
1.7881846;
1.723266;
1.6292429;
1.5295677;
1.4196055;
1.3013154;
1.168948;
1.036169;
0.90151;
0.745589;
0.5953961;
0.42622292;
0.26521605;
0.100061774;
-0.081345536;
-0.26007372;
-0.45088392;
-0.63316786;
-0.81952727;
-0.975718;
-1.1070617;
-1.241464;
-1.352;
-1.4623915;
-1.5672848;
-1.6427783;
-1.7120092;
-1.7575532;
-1.7727703;
-1.7748635;
-1.7457014;
-1.689888;
-1.618205;
-1.5346172;
-1.4423522;
-1.3215796;
-1.1990474;
-1.059667;
-0.9279969;
-0.7763475;
-0.6111908;
-0.4549832;
-0.28168085;
-0.099130556;
0.082995184;
0.27324623;
0.46433768;
0.65845716;
0.8530071;
1.0439707;
1.1825879;
1.3086474;
1.4349042;
1.522716;
1.6290565;
1.7146851;
1.7757626;
1.8288306;
1.8345821;
1.8128293;
1.7801352;
1.7142608;
1.6224849;
1.5127208;
1.4027569;
1.2873125;
1.1496387;
1.015022;
0.87617385;
0.7265599;
0.575638;
0.41586584;
0.24584895;
0.07677202;
-0.10850164;
-0.27994725;
-0.4699247;
-0.65201825;
-0.8381604;
-0.99392277;
-1.1245005;
-1.2576919;
-1.366488;
-1.4859872;
-1.5702095;
-1.6477094;
-1.7245541;
-1.7588284;
-1.7791221;
-1.7683976;
-1.7428447;
-1.6841841;
-1.608372;
-1.5312842;
-1.415602;
-1.3054202;
-1.1770288;
-1.0510645;
-0.8999796;
-0.7536731;
-0.5934361;
-0.4295143;
-0.26595697;
-0.07767013;
0.10738385;
0.29330945;
0.4842216;
0.6931524;
0.87993276;
1.055551;
1.1871023;
1.3210176;
1.4394304;
1.5366135;
1.63674;
1.7114563;
1.7870574;
1.8278307;
1.8274509;
1.8067642;
1.7704861;
1.7072078;
1.6059799;
1.5041747;
1.39377;
1.261811;
1.1449744;
0.9988879;
0.854859;
0.711369;
0.5481676;
0.3810668;
0.2264814;
0.04838115;
-0.11839143;
-0.30657065;
-0.49064922;
-0.67207694;
-0.85793734;
-1.0017862;
-1.1377928;
-1.27029;
-1.3773259;
-1.4944128;
-1.5755678;
-1.6607648;
-1.7269095;
-1.7668846;
-1.7749933;
-1.7570713;
-1.7355638;
-1.6740074;
-1.5939722;
-1.5118421;
-1.4017757;
-1.2787218;
-1.1536647;
-1.0246483;
-0.89097345;
-0.7274356;
-0.57458836;
-0.4031011;
-0.24194647;
-0.05912237;
0.13251862;
0.31448752;
0.51255244;
0.7177458;
0.9043198;
1.0798291;
1.2255137;
1.3432918;
1.4562167;
1.5629165;
1.6640482;
1.7237854;
1.806164;
1.8239229;
1.825639;
1.7994125;
1.7707887;
1.6845524;
1.5926582;
1.4885261;
1.3667154;
1.2555794;
1.1141623;
0.97156763;
0.8350974;
0.680066;
0.53305656;
0.36945733;
0.20517313;
0.03441163;
-0.15402395;
-0.31787756;
-0.50687295;
-0.7000793;
-0.86803526;
-1.0284953;
-1.1579084;
-1.2770908;
-1.3884367;
-1.5036004;
-1.5816553;
-1.6630185;
-1.7360666;
-1.7645369;
-1.7775297;
-1.7580446;
-1.7337087;
-1.6685297;
-1.5841146;
-1.4968373;
-1.3922831;
-1.2676971;
-1.1385901;
-1.0063975;
-0.86817133;
-0.7138033;
-0.55411744;
-0.38560325;
-0.21582113;
-0.03474633;
0.15192956;
0.34811988;
0.53844106;
0.7358746;
0.926501;
1.0876887;
1.2408727;
1.3584309;
1.4699093;
1.5744855;
1.6582601;
1.744336;
1.8113446;
1.8231709;
1.8264613;
1.8044769;
1.7531658;
1.6768838;
1.5833275;
1.4611856;
1.343013;
1.2347779;
1.0908991;
0.95588946;
0.81995213;
0.6640803;
0.50397086;
0.34425074;
0.18898885;
0.0084938165;
-0.16159233;
-0.34224817;
-0.5253705;
-0.7178953;
-0.8855252;
-1.0454339;
-1.173919;
-1.2916942;
-1.401075;
-1.5136564;
-1.5999141;
-1.6711006;
-1.7389348;
-1.7734456;
-1.7741146;
-1.7586915;
-1.7090745;
-1.6527221;
-1.5649941;
-1.4725754;
-1.3734429;
-1.2472211;
-1.1149898;
-0.9935236;
-0.83534825;
-0.6932833;
-0.5342483;
-0.3719555;
-0.19641025;
-0.01992685;
0.18078613;
0.35453779;
0.5596206;
0.7612926;
0.9404656;
1.1123617;
1.2540702;
1.3669516;
1.4738672;
1.5878944;
1.6725099;
1.7507132;
1.8057668;
1.8384043;
1.8244195;
1.7876382;
1.7548876;
1.6664011;
1.5664041;
1.4449413;
1.3373121;
1.2086446;
1.0849522;
0.9381242;
0.79669034;
0.64663714;
0.48540393;
0.32328796;
0.1535111;
-0.012893734;
-0.18120903;
-0.37291956;
-0.5496397;
-0.74142987;
-0.90869737;
-1.0565681;
-1.1788726;
-1.2905567;
-1.4162233;
-1.5090841;
-1.5977409;
-1.6768842;
-1.7337933;
-1.7622869;
-1.768179;
-1.7510517;
-1.709862;
-1.643447;
-1.5620041;
-1.4579347;
-1.3520806;
-1.2417548;
-1.1068751;
-0.9702324;
-0.81814086;
-0.66682696;
-0.5156648;
-0.35290152;
-0.168274;
0.0066110287;
0.18788144;
0.39115092;
0.5852701;
0.7861477;
0.96531224;
1.1297129;
1.2675103;
1.3909243;
1.4925964;
1.6112798;
1.6889243;
1.7631016;
1.8137594;
1.8340299;
1.8255057;
1.7931544;
1.7375598;
1.6442664;
1.5430794;
1.4372633;
1.32488;
1.1934891;
1.0520506;
0.92050517;
0.7801311;
0.6176597;
0.47228056;
0.30195668;
0.13994491;
-0.036416035;
-0.20936765;
-0.38255012;
-0.5761905;
-0.7620863;
-0.9284831;
-1.0642288;
-1.2031766;
-1.3076475;
-1.4306682;
-1.5207313;
-1.6059655;
-1.6809988;
-1.7445338;
-1.7612418;
-1.7602942;
-1.7475667;
-1.6923964;
-1.6283696;
-1.5428364;
-1.4562587;
-1.3431184;
-1.2183435;
-1.0821096;
-0.9515375;
-0.80538714;
-0.6473515;
-0.50684357;
-0.32456726;
-0.1529031;
0.034981772;
0.21540433;
0.41412002;
0.60807645;
0.8164342;
0.9916755;
1.1554598;
1.29256;
1.4002312;
1.5081099;
1.6178665;
1.7037917;
1.7633375;
1.827755;
1.8279512;
1.8240855;
1.7887192;
1.7214407;
1.64149;
1.5267465;
1.4280504;
1.2928258;
1.168869;
1.0398743;
0.9084034;
0.75613904;
0.5987115;
0.44052482;
0.28532064;
0.12586817;
-0.060985863;
-0.22721238;
-0.4110311;
-0.59823716;
-0.7833655;
-0.9378952;
-1.0906465;
-1.2113792;
-1.3314002;
-1.435062;
-1.5394514;
-1.6154634;
-1.6972086;
-1.7495353;
-1.7600302;
-1.7641164;
