value = [
-2.0234375,-2.0;
-2.0234375,-2.0;
-2.0234375,-2.0;
-2.0234375,-2.0;
-2.0234375,-2.0;
-2.0234375,-2.0;
-2.0234375,-2.0;
-2.0234375,-2.0;
-2.0234375,-2.0;
-2.0234375,-2.0;
-2.0234375,-2.0;
-2.0234375,-2.0;
-2.0234375,-2.0;
-2.0234375,-2.0;
-2.0234375,-2.0;
-2.0234375,-2.0;
-2.0234375,-2.0;
-2.0234375,-2.0;
-2.0234375,-2.0;
-2.0234375,-2.0;
-2.0234375,-2.0;
-2.0234375,-2.0;
-2.0234375,-2.0;
-2.0234375,-2.0;
-2.0234375,-2.0;
-2.0234375,-2.0;
-2.0234375,-2.0;
-2.0234375,-2.0;
-2.0234375,-2.0;
-2.0234375,-2.0;
-2.0234375,-2.0;
-2.0234375,-2.0;
-2.0234375,-2.0;
-2.0234375,-2.0;
-2.0234375,-2.0;
-2.0234375,-2.0;
-2.0234375,-2.0;
-2.0234375,-2.0;
-2.0234375,-2.0;
-2.0234375,-2.0;
-2.0234375,-2.0;
-2.0234375,-2.0;
-2.0234375,-2.0;
-2.0234375,-2.0;
-2.0234375,-2.0;
-2.0234375,-2.0;
-2.0234375,-2.0;
-2.0234375,-2.0;
-2.0234375,-2.0;
-2.0234375,-2.0;
-2.0234375,-2.0;
-2.0234375,-2.0;
-2.0234375,-2.0;
-2.0234375,-2.0;
-2.0234375,-2.0;
-2.0234375,-2.0;
-2.0234375,-2.0;
-2.0234375,-2.0;
-2.0234375,-2.0;
-2.0234375,-2.0;
-2.0234375,-2.0;
-2.0234375,-2.0;
-2.0234375,-2.0;
-2.0234375,-2.0;
-2.0234375,-2.0;
-2.0234375,-2.0;
-2.0234375,-2.0;
-2.0234375,-2.0;
-2.0234375,-2.0;
-2.0234375,-2.0;
-2.0234375,-2.0;
-2.0234375,-2.0;
-2.0234375,-2.0;
-2.0234375,-2.0;
-2.0234375,-2.0;
-2.0234375,-2.0;
-2.0234375,-2.0;
-2.0234375,-2.0;
-2.0234375,-2.0;
-2.0234375,-2.0;
-2.0234375,-2.0;
-2.0234375,-2.0;
-2.0234375,-2.0;
-1.8994141,2.0;
-1.53125,2.0;
-0.9863281,2.0;
-0.34570312,2.0;
0.32980588,2.0;
0.9878837,2.0;
1.5892042,2.0;
2.1000197,2.0;
2.5080585,2.0;
2.807185,2.0;
2.9973986,2.0;
3.0909715,2.0;
3.1017094,2.0;
3.0449522,2.0;
2.9375734,2.0;
2.7918453,2.0;
2.6246412,2.0;
2.4497674,2.0;
2.2794955,2.0;
2.1245635,2.0;
1.9911071,2.0;
1.8821945,2.0;
1.8008935,2.0;
1.7487382,2.0;
1.7241944,2.0;
1.7241944,2.0;
1.7410682,2.0;
1.7702138,2.0;
1.8054955,2.0;
1.845379,2.0;
1.8867965,2.0;
1.925146,2.0;
1.9604275,2.0;
1.9911071,2.0;
2.0141168,2.0;
2.0325246,2.0;
2.0447965,2.0;
2.0493984,2.0;
2.0493984,2.0;
2.0478644,2.0;
2.0447965,2.0;
2.0401945,2.0;
2.0371265,2.0;
2.0325246,2.0;
2.0309906,2.0;
2.0279226,2.0;
2.0263886,2.0;
2.0263886,2.0;
2.0263886,2.0;
2.0263886,2.0;
2.0263886,2.0;
2.0263886,2.0;
2.0263886,2.0;
2.0263886,2.0;
2.0263886,2.0;
2.0263886,2.0;
2.0263886,2.0;
2.0263886,2.0;
2.0263886,2.0;
2.0263886,2.0;
2.0263886,2.0;
2.0263886,2.0;
2.0263886,2.0;
2.0263886,2.0;
2.0263886,2.0;
2.0263886,2.0;
2.0263886,2.0;
2.0263886,2.0;
2.0263886,2.0;
2.0263886,2.0;
2.0263886,2.0;
2.0263886,2.0;
2.0263886,2.0;
2.0263886,2.0;
2.0263886,2.0;
2.0263886,2.0;
2.0263886,2.0;
2.0263886,2.0;
2.0263886,2.0;
2.0263886,2.0;
2.0263886,2.0;
2.0263886,2.0;
2.0263886,2.0;
2.0263886,2.0;
2.0263886,2.0;
2.0263886,2.0;
2.0263886,2.0;
2.0263886,2.0;
2.0263886,2.0;
2.0263886,2.0;
2.0263886,2.0;
2.0263886,2.0;
2.0263886,2.0;
2.0263886,2.0;
2.0263886,2.0;
2.0263886,2.0;
2.0263886,2.0;
2.0263886,2.0;
2.0263886,2.0;
2.0263886,2.0;
1.9052042,-2.0;
1.5462526,-2.0;
1.0047574,-2.0;
0.35741752,-2.0;
-0.32714844,-2.0;
-0.99609375,-2.0;
-1.6074219,-2.0;
-2.1279297,-2.0;
-2.5371094,-2.0;
-2.8320312,-2.0;
-3.0205078,-2.0;
-3.1083984,-2.0;
-3.1113281,-2.0;
-3.0478516,-2.0;
-2.9316406,-2.0;
-2.78125,-2.0;
-2.609375,-2.0;
-2.4316406,-2.0;
-2.2597656,-2.0;
-2.1035156,-2.0;
-1.9716797,-2.0;
-1.8701172,-2.0;
-1.8007812,-2.0;
-1.7626953,-2.0;
-1.7519531,-2.0;
-1.7626953,-2.0;
-1.7890625,-2.0;
-1.8242188,-2.0;
-1.8623047,-2.0;
-1.9023438,-2.0;
-1.9394531,-2.0;
-1.9716797,-2.0;
-1.9970703,-2.0;
-2.0175781,-2.0;
-2.0292969,-2.0;
-2.0371094,-2.0;
-2.0390625,-2.0;
-2.0371094,-2.0;
-2.0361328,-2.0;
-2.0332031,-2.0;
-2.03125,-2.0;
-2.0292969,-2.0;
-2.0263672,-2.0;
-2.0263672,-2.0;
-2.0253906,-2.0;
-2.0253906,-2.0;
-2.0234375,-2.0;
-2.0234375,-2.0;
-2.0234375,-2.0;
-2.0234375,-2.0;
-2.0234375,-2.0;
-2.0234375,-2.0;
-2.0234375,-2.0;
-2.0234375,-2.0;
-2.0234375,-2.0;
-2.0234375,-2.0;
-2.0234375,-2.0;
-2.0234375,-2.0;
-2.0234375,-2.0;
-2.0234375,-2.0;
-2.0234375,-2.0;
-2.0234375,-2.0;
-2.0234375,-2.0;
-2.0234375,-2.0;
-2.0234375,-2.0;
-2.0234375,-2.0;
-2.0234375,-2.0;
-2.0234375,-2.0;
-2.0234375,-2.0;
-2.0234375,-2.0;
-2.0234375,-2.0;
-2.0234375,-2.0;
-2.0234375,-2.0;
-2.0234375,-2.0;
-2.0234375,-2.0;
-2.0234375,-2.0;
-2.0234375,-2.0;
-2.0234375,-2.0;
-2.0234375,-2.0;
-2.0234375,-2.0;
-2.0234375,-2.0;
-2.0234375,-2.0;
-2.0234375,-2.0;
-2.0234375,-2.0;
-2.0234375,-2.0;
-2.0234375,-2.0;
-2.0234375,-2.0;
-2.0234375,-2.0;
-2.0234375,-2.0;
-2.0234375,-2.0;
-2.0234375,-2.0;
-2.0234375,-2.0;
-2.0234375,-2.0;
-2.0234375,-2.0;
-2.0234375,-2.0;
-2.0234375,-2.0;
-2.0234375,-2.0;
-2.0234375,-2.0;
-2.0234375,-2.0;
-2.0234375,-2.0;
-1.8994141,2.0;
-1.53125,2.0;
-0.98828125,2.0;
-0.34570312,2.0;
0.32980588,2.0;
0.9894177,2.0;
1.5907382,2.0;
2.1030877,2.0;
2.5080585,2.0;
2.805651,2.0;
2.9943306,2.0;
3.0848355,2.0;
3.0909715,2.0;
3.0311463,2.0;
2.9191656,2.0;
2.7719035,2.0;
2.6046994,2.0;
2.4328935,2.0;
2.2641559,2.0;
2.1122916,2.0;
1.9834373,2.0;
1.8791265,2.0;
1.8008935,2.0;
1.7518061,2.0;
1.7287964,2.0;
1.7303303,2.0;
1.7487382,2.0;
1.7778838,2.0;
1.8146993,2.0;
1.8530488,2.0;
1.8929324,2.0;
1.9312819,2.0;
1.9650295,2.0;
1.9926411,2.0;
2.0156507,2.0;
2.0309906,2.0;
2.0417285,2.0;
2.0463305,2.0;
2.0463305,2.0;
2.0432625,2.0;
2.0401945,2.0;
2.0371265,2.0;
2.0355926,2.0;
2.0325246,2.0;
2.0309906,2.0;
2.0294566,2.0;
2.0279226,2.0;
2.0279226,2.0;
2.0279226,2.0;
2.0279226,2.0;
2.0279226,2.0;
2.0279226,2.0;
2.0279226,2.0;
2.0279226,2.0;
2.0279226,2.0;
2.0279226,2.0;
2.0279226,2.0;
2.0279226,2.0;
2.0279226,2.0;
2.0279226,2.0;
2.0279226,2.0;
2.0279226,2.0;
2.0279226,2.0;
2.0279226,2.0;
2.0279226,2.0;
2.0279226,2.0;
2.0279226,2.0;
2.0279226,2.0;
2.0279226,2.0;
2.0279226,2.0;
2.0279226,2.0;
2.0279226,2.0;
2.0279226,2.0;
2.0279226,2.0;
2.0279226,2.0;
2.0279226,2.0;
2.0279226,2.0;
2.0279226,2.0;
2.0279226,2.0;
2.0279226,2.0;
2.0279226,2.0;
2.0279226,2.0;
2.0279226,2.0;
2.0279226,2.0;
2.0279226,2.0;
2.0279226,2.0;
2.0279226,2.0;
2.0279226,2.0;
2.0279226,2.0;
2.0279226,2.0;
2.0279226,2.0;
2.0279226,2.0;
2.0279226,2.0;
2.0279226,2.0;
2.0279226,2.0;
2.0279226,2.0;
2.0279226,2.0;
2.0279226,2.0;
2.0279226,2.0;
2.0279226,2.0;
1.9082721,-2.0;
1.5539225,-2.0;
1.0154953,-2.0;
0.36968938,-2.0;
-0.31347656,-2.0;
-0.98339844,-2.0;
-1.5957031,-2.0;
-2.1152344,-2.0;
-2.5253906,-2.0;
-2.821289,-2.0;
-3.006836,-2.0;
-3.0927734,-2.0;
-3.0947266,-2.0;
-3.03125,-2.0;
-2.915039,-2.0;
-2.7646484,-2.0;
-2.5947266,-2.0;
-2.4179688,-2.0;
-2.2480469,-2.0;
-2.09375,-2.0;
-1.9648438,-2.0;
-1.8671875,-2.0;
-1.8007812,-2.0;
-1.765625,-2.0;
-1.7578125,-2.0;
-1.7685547,-2.0;
-1.7949219,-2.0;
-1.8300781,-2.0;
-1.8691406,-2.0;
-1.9072266,-2.0;
-1.9423828,-2.0;
-1.9726562,-2.0;
-1.9970703,-2.0;
-2.015625,-2.0;
-2.0283203,-2.0;
-2.0341797,-2.0;
-2.0361328,-2.0;
-2.0341797,-2.0;
-2.0332031,-2.0;
-2.03125,-2.0;
-2.03125,-2.0;
-2.0292969,-2.0;
-2.0283203,-2.0;
-2.0263672,-2.0;
-2.0263672,-2.0;
-2.0263672,-2.0;
-2.0263672,-2.0;
-2.0263672,-2.0;
-2.0263672,-2.0;
-2.0263672,-2.0;
-2.0263672,-2.0;
-2.0263672,-2.0;
-2.0263672,-2.0;
-2.0263672,-2.0;
-2.0263672,-2.0;
-2.0263672,-2.0;
-2.0263672,-2.0;
-2.0263672,-2.0;
-2.0263672,-2.0;
-2.0263672,-2.0;
-2.0263672,-2.0;
-2.0263672,-2.0;
-2.0263672,-2.0;
-2.0263672,-2.0;
-2.0263672,-2.0;
-2.0263672,-2.0;
-2.0263672,-2.0;
-2.0263672,-2.0;
-2.0263672,-2.0;
-2.0263672,-2.0;
-2.0263672,-2.0;
-2.0263672,-2.0;
-2.0263672,-2.0;
-2.0263672,-2.0;
-2.0263672,-2.0;
-2.0263672,-2.0;
-2.0263672,-2.0;
-2.0263672,-2.0;
-2.0263672,-2.0;
-2.0263672,-2.0;
-2.0263672,-2.0;
-2.0263672,-2.0;
-2.0263672,-2.0;
