value = [
-1.4833984,-1.4000142;
-1.4394531,-1.3680142;
-1.4003906,-1.3360143;
-1.3652344,-1.3040143;
-1.3349609,-1.2720144;
-1.3076172,-1.2400144;
-1.28125,-1.2080145;
-1.2568359,-1.1760145;
-1.2324219,-1.1440146;
-1.2060547,-1.1120147;
-1.1796875,-1.0800147;
-1.1542969,-1.0480148;
-1.1259766,-1.0160148;
-1.0986328,-0.98401487;
-1.0693359,-0.9520149;
-1.0390625,-0.920015;
-1.0068359,-0.88801503;
-0.97558594,-0.8560151;
-0.9423828,-0.82401514;
-0.91015625,-0.7920152;
-0.87597656,-0.76001525;
-0.84277344,-0.7280153;
-0.80859375,-0.69601536;
-0.7753906,-0.6640154;
-0.7392578,-0.63201547;
-0.7060547,-0.6000155;
-0.671875,-0.5680156;
-0.6386719,-0.5360156;
-0.6044922,-0.5040157;
-0.5722656,-0.47201574;
-0.5419922,-0.44001576;
-0.5097656,-0.4080158;
-0.47851562,-0.3760158;
-0.4482422,-0.34401584;
-0.4189453,-0.31201586;
-0.38964844,-0.2800159;
-0.36035156,-0.24801591;
-0.33203125,-0.21601592;
-0.30273438,-0.18401593;
-0.2734375,-0.15201594;
-0.24414062,-0.12001595;
-0.21484375,-0.08801595;
-0.18457031,-0.056015953;
-0.15332031,-0.024015952;
-0.12011719,0.00798405;
-0.0859375,0.03998405;
-0.05078125,0.07198405;
-0.015625,0.10398406;
0.01994175,0.13598406;
0.05522331,0.16798407;
0.088970885,0.19998407;
0.124252446,0.23198408;
0.15800002,0.26398408;
0.1917476,0.2959841;
0.2239612,0.3279841;
0.2577088,0.3599841;
0.2883884,0.3919841;
0.320602,0.4239841;
0.3512816,0.45598412;
0.3834952,0.48798412;
0.41417482,0.5199841;
0.44485444,0.55198413;
0.47553405,0.58398414;
0.50774765,0.61598414;
0.5384273,0.64798415;
0.57064086,0.67998415;
0.6013205,0.71198416;
0.6335341,0.74398416;
0.6657477,0.77598417;
0.6979613,0.8079842;
0.7301749,0.8399842;
0.76238847,0.8719842;
0.7946021,0.9039842;
0.82834965,0.9359842;
0.8605633,0.9679842;
0.89277685,0.9999842;
0.9249905,1.0319842;
0.95720404,1.0639842;
0.9894177,1.0959841;
1.0231652,1.127984;
1.0553788,1.159984;
1.0875925,1.1919839;
1.119806,1.2239839;
1.1520196,1.2559838;
1.1842332,1.2879838;
1.2149128,1.3199837;
1.2471263,1.3519837;
1.27934,1.3839836;
1.3100196,1.4159836;
1.3422332,1.4479835;
1.3744467,1.4799834;
1.4066604,1.5119834;
1.43734,1.5439833;
1.4695536,1.5759833;
1.5017673,1.6079832;
1.5339808,1.6399832;
1.5661944,1.6719831;
1.599942,1.7039831;
1.6321557,1.735983;
1.6643692,1.767983;
1.6965828,1.7999829;
1.7287964,1.8319829;
1.76101,1.8639828;
1.7916896,1.8959827;
1.8239032,1.9279827;
1.8545828,1.9599826;
1.8867965,1.9919826;
1.91901,2.0239825;
1.9481556,1.9919827;
1.9726994,1.9599828;
1.9911071,1.9279828;
1.998777,1.8959829;
1.997243,1.8639829;
1.9880391,1.831983;
1.9711654,1.799983;
1.9466217,1.7679831;
1.917476,1.7359831;
1.8821945,1.7039832;
1.843845,1.6719832;
1.8024275,1.6399833;
1.7579421,1.6079834;
1.7134566,1.5759834;
1.6689712,1.5439835;
1.6260197,1.5119835;
1.5830683,1.4799836;
1.5431848,1.4479836;
1.5063691,1.4159837;
1.4710876,1.3839837;
1.43734,1.3519838;
1.4066604,1.3199838;
1.3759807,1.2879839;
1.3453012,1.255984;
1.3161556,1.223984;
1.2885438,1.191984;
1.2593982,1.1599841;
1.2302526,1.1279842;
1.2011069,1.0959842;
1.1704274,1.0639843;
1.1397477,1.0319843;
1.1090682,0.9999844;
1.0783886,0.96798444;
1.0461749,0.9359845;
1.0139613,0.90398455;
0.98021376,0.8719846;
0.94800013,0.83998466;
0.9142526,0.8079847;
0.880505,0.77598476;
0.8482914,0.7439848;
0.8160778,0.7119849;
0.7838642,0.6799849;
0.75011665,0.647985;
0.719437,0.61598504;
0.68722343,0.5839851;
0.6550098,0.55198514;
0.62279624,0.5199852;
0.5921166,0.48798525;
0.559903,0.45598528;
0.5292234,0.4239853;
0.49854377,0.39198533;
0.46633017,0.35998535;
0.43411657,0.32798538;
0.40343696,0.2959854;
0.37122336,0.26398543;
0.33900976,0.23198545;
0.30679616,0.19998546;
0.27458256,0.16798547;
0.24236897,0.13598548;
0.21168935,0.10398549;
0.17947575,0.07198549;
0.14726216,0.039985493;
0.115048565,0.007985491;
0.08283497,-0.02401451;
0.050621368,-0.05601451;
0.01687379,-0.08801451;
-0.015625,-0.12001452;
-0.047851562,-0.15201452;
-0.080078125,-0.18401453;
-0.11035156,-0.21601453;
-0.14257812,-0.24801454;
-0.17480469,-0.28001454;
-0.20605469,-0.31201455;
-0.23632812,-0.34401456;
-0.26757812,-0.37601456;
-0.29785156,-0.40801457;
-0.32714844,-0.44001457;
-0.3564453,-0.47201458;
-0.38671875,-0.50401455;
-0.41796875,-0.53601456;
-0.4482422,-0.56801456;
-0.48046875,-0.60001457;
-0.5107422,-0.6320146;
-0.54296875,-0.6640146;
-0.57714844,-0.6960146;
-0.61035156,-0.7280146;
-0.64453125,-0.7600146;
-0.67871094,-0.7920146;
-0.7138672,-0.8240146;
-0.7470703,-0.8560146;
-0.78222656,-0.8880146;
-0.81640625,-0.9200146;
-0.85058594,-0.9520146;
-0.88183594,-0.98401463;
-0.9140625,-1.0160146;
-0.94628906,-1.0480145;
-0.9785156,-1.0800145;
-1.0097656,-1.1120144;
-1.0419922,-1.1440144;
-1.0722656,-1.1760143;
-1.1035156,-1.2080142;
-1.1337891,-1.2400142;
-1.1650391,-1.2720141;
-1.1972656,-1.3040141;
-1.2285156,-1.336014;
-1.2607422,-1.368014;
-1.2919922,-1.4000139;
-1.3251953,-1.4320139;
-1.3574219,-1.4640138;
-1.3896484,-1.4960138;
-1.4238281,-1.5280137;
-1.4560547,-1.5600137;
-1.4882812,-1.5920136;
-1.5205078,-1.6240135;
-1.5527344,-1.6560135;
-1.5849609,-1.6880134;
-1.6171875,-1.7200134;
-1.6494141,-1.7520133;
-1.6796875,-1.7840133;
-1.7119141,-1.8160132;
-1.7441406,-1.8480132;
-1.7763672,-1.8800131;
-1.8085938,-1.912013;
-1.8408203,-1.944013;
-1.8730469,-1.976013;
-1.9052734,-2.008013;
-1.9365234,-1.9760132;
-1.9609375,-1.9440132;
-1.9755859,-1.9120133;
-1.9824219,-1.8800133;
-1.9804688,-1.8480134;
-1.9697266,-1.8160135;
-1.9511719,-1.7840135;
-1.9267578,-1.7520136;
-1.8945312,-1.7200136;
-1.8583984,-1.6880137;
-1.8183594,-1.6560137;
-1.7734375,-1.6240138;
-1.7294922,-1.5920138;
-1.6845703,-1.5600139;
-1.6416016,-1.528014;
-1.5986328,-1.496014;
-1.5585938,-1.464014;
-1.5224609,-1.4320141;
-1.4863281,-1.4000142;
-1.453125,-1.3680142;
-1.4208984,-1.3360143;
-1.3896484,-1.3040143;
-1.3613281,-1.2720144;
-1.3330078,-1.2400144;
-1.3037109,-1.2080145;
-1.2763672,-1.1760145;
-1.2470703,-1.1440146;
-1.2177734,-1.1120147;
-1.1875,-1.0800147;
-1.1572266,-1.0480148;
-1.1259766,-1.0160148;
-1.0957031,-0.98401487;
-1.0634766,-0.9440149;
-1.03125,-0.90401495;
-0.9970703,-0.864015;
-0.96191406,-0.824015;
-0.9267578,-0.78401506;
-0.8886719,-0.7440151;
-0.85058594,-0.70401514;
-0.8105469,-0.6640152;
-0.7685547,-0.6240152;
-0.72558594,-0.58401525;
-0.6816406,-0.5440153;
-0.6386719,-0.5040153;
-0.59375,-0.46401536;
-0.55078125,-0.42401537;
-0.5097656,-0.38401538;
-0.46777344,-0.3440154;
-0.4267578,-0.3040154;
-0.38671875,-0.2640154;
-0.3466797,-0.22401541;
-0.30859375,-0.18401542;
-0.27148438,-0.14401543;
-0.23339844,-0.10401544;
-0.19628906,-0.06401544;
-0.16015625,-0.024015442;
-0.12109375,0.015984558;
-0.08203125,0.055984557;
-0.041992188,0.095984556;
-0.001953125,0.13598455;
0.03834952,0.17598456;
0.079767,0.21598457;
0.12118448,0.25598457;
0.16260196,0.29598457;
0.20555343,0.33598456;
0.2469709,0.37598455;
0.2883884,0.41598454;
0.32980588,0.45598453;
0.36968938,0.49598452;
0.40957287,0.5359845;
0.45099038,0.57598454;
0.49087387,0.61598456;
0.53075737,0.6559846;
0.57064086,0.6959846;
0.6089904,0.7359846;
0.6488739,0.77598464;
0.6887574,0.81598467;
0.7286409,0.8559847;
0.7669904,0.8959847;
0.8068739,0.93598473;
0.8467574,0.97598475;
0.8866409,1.0159848;
0.9280584,1.0559847;
0.96794194,1.0959847;
1.0093594,1.1359847;
1.0492429,1.1759846;
1.0906603,1.2159846;
1.1305438,1.2559845;
1.1719614,1.2959845;
1.2118448,1.3359845;
1.2532623,1.3759844;
1.2931458,1.4159844;
1.3314953,1.4559844;
1.3713789,1.4959843;
1.4112624,1.5359843;
1.4511459,1.5759842;
1.4910294,1.6159842;
1.5309129,1.6559842;
1.5707964,1.6959841;
1.6106799,1.7359841;
1.6505634,1.775984;
1.6919808,1.815984;
1.7318643,1.855984;
1.7717478,1.8959839;
1.8116313,1.9359839;
1.8515149,1.9759839;
