output = [
0.882039,0.68721515;
0.77619433,0.60721517;
0.6780195,0.5272152;
0.5890486,0.4472152;
0.50621367,0.36721522;
0.42951465,0.28721523;
0.35588354,0.20721525;
0.28685442,0.12721525;
0.21935926,0.047215253;
0.15339808,-0.032784745;
0.08743691,-0.11278474;
0.01994175,-0.19278474;
-0.049804688,-0.27278474;
-0.12109375,-0.35278475;
-0.1953125,-0.43278477;
-0.27148438,-0.5127848;
-0.3486328,-0.59278476;
-0.42871094,-0.67278475;
-0.5097656,-0.7527847;
-0.5908203,-0.8327847;
-0.6748047,-0.9127847;
-0.7597656,-0.9927847;
-0.84375,-1.0727847;
-0.9267578,-1.1527847;
-1.0107422,-1.2327847;
-1.09375,-1.3127848;
-1.1767578,-1.3927848;
-1.2578125,-1.4727849;
-1.3398438,-1.5527849;
-1.4208984,-1.632785;
-1.5009766,-1.712785;
-1.5791016,-1.792785;
-1.6582031,-1.8727851;
-1.7363281,-1.9527851;
-1.8164062,-2.0327852;
-1.8916016,-1.9527853;
-1.953125,-1.8727853;
-1.9970703,-1.7927854;
-2.0234375,-1.7127855;
-2.0263672,-1.6327856;
-2.0078125,-1.5527856;
-1.96875,-1.4727857;
-1.9101562,-1.3927858;
-1.8291016,-1.3127859;
-1.7275391,-1.2327859;
-1.6123047,-1.152786;
-1.4902344,-1.0727861;
-1.3613281,-0.99278617;
-1.2304688,-0.9127862;
-1.1044922,-0.8327862;
-0.98339844,-0.7527862;
-0.86816406,-0.67278624;
-0.76464844,-0.59278625;
-0.66796875,-0.51278627;
-0.578125,-0.4327863;
-0.4970703,-0.3527863;
-0.42089844,-0.27278632;
-0.34960938,-0.19278634;
-0.28125,-0.11278634;
-0.21484375,-0.03278634;
-0.14746094,0.04721366;
-0.080078125,0.12721366;
-0.0107421875,0.20721366;
0.059825253,0.28721365;
0.13192235,0.36721367;
0.20708741,0.44721368;
0.28532043,0.5272137;
0.36355346,0.6072137;
0.44332045,0.68721366;
0.5261554,0.76721364;
0.6089904,0.8472136;
0.6918254,0.9272136;
0.77619433,1.0072136;
0.8590293,1.0872136;
0.94339824,1.1672137;
1.0262332,1.2472137;
1.1090682,1.3272138;
1.1903691,1.4072138;
1.2716701,1.4872139;
1.3514371,1.5672139;
1.4327381,1.6472139;
1.5109711,1.727214;
1.5907382,1.807214;
1.6689712,1.8872141;
1.7487382,1.9672141;
1.8269712,2.047214;
1.9021362,1.9672141;
1.9650295,1.8872142;
2.0110488,1.8072143;
2.0340586,1.7272143;
2.0355926,1.6472144;
2.0141168,1.5672145;
1.9696314,1.4872146;
1.9052042,1.4072146;
1.8208352,1.3272147;
1.7195926,1.2472148;
1.6076119,1.1672149;
1.4864274,1.087215;
1.360641,1.007215;
1.2348546,0.9272151;
1.1121361,0.8472151;
0.99401957,0.76721513;
0.882039,0.68721515;
0.77619433,0.60721517;
0.6780195,0.5272152;
0.5890486,0.4472152;
0.50621367,0.36721522;
0.42951465,0.28721523;
0.35588354,0.20721525;
0.28685442,0.12721525;
0.21935926,0.047215253;
0.15339808,-0.032784745;
0.08743691,-0.11278474;
0.01994175,-0.19278474;
-0.049804688,-0.27278474;
-0.12109375,-0.35278475;
-0.1953125,-0.43278477;
-0.27148438,-0.5127848;
-0.3486328,-0.59278476;
-0.42871094,-0.67278475;
-0.5097656,-0.7527847;
-0.59277344,-0.8327847;
-0.6748047,-0.9127847;
-0.7597656,-0.9927847;
-0.84375,-1.0727847;
-0.9267578,-1.1527847;
-1.0107422,-1.2327847;
-1.09375,-1.3127848;
-1.1767578,-1.3927848;
-1.2578125,-1.4727849;
-1.3398438,-1.5527849;
-1.4189453,-1.632785;
-1.5009766,-1.712785;
-1.5791016,-1.792785;
-1.6582031,-1.8727851;
-1.7363281,-1.9527851;
-1.8164062,-2.0327852;
-1.8916016,-1.9527853;
-1.953125,-1.8727853;
-1.9970703,-1.7927854;
-2.0234375,-1.7127855;
-2.0263672,-1.6327856;
-2.006836,-1.5527856;
-1.96875,-1.4727857;
-1.9082031,-1.3927858;
-1.8271484,-1.3127859;
-1.7255859,-1.2327859;
-1.6123047,-1.152786;
-1.4882812,-1.0727861;
-1.359375,-0.99278617;
-1.2304688,-0.9127862;
-1.1035156,-0.8327862;
-0.9824219,-0.7527862;
-0.86816406,-0.67278624;
-0.7626953,-0.59278625;
-0.6660156,-0.51278627;
-0.578125,-0.4327863;
-0.4970703,-0.3527863;
-0.42089844,-0.27278632;
-0.34960938,-0.19278634;
-0.28222656,-0.11278634;
-0.21484375,-0.03278634;
-0.14941406,0.04721366;
-0.08203125,0.12721366;
-0.0107421875,0.20721366;
0.059825253,0.28721365;
0.13192235,0.36721367;
0.20708741,0.44721368;
0.28378645,0.5272137;
0.36201948,0.6072137;
0.44332045,0.68721366;
0.5261554,0.76721364;
0.6089904,0.8472136;
0.6918254,0.9272136;
0.77619433,1.0072136;
0.8605633,1.0872136;
0.94339824,1.1672137;
1.0262332,1.2472137;
1.1090682,1.3272138;
1.1903691,1.4072138;
1.2732041,1.4872139;
1.3529711,1.5672139;
1.4327381,1.6472139;
1.512505,1.727214;
1.5922722,1.807214;
1.6705052,1.8872141;
1.7487382,1.9672141;
1.8285052,2.047214;
1.9021362,1.9672141;
1.9650295,1.8872142;
2.0110488,1.8072143;
2.0340586,1.7272143;
2.0355926,1.6472144;
2.0125828,1.5672145;
1.9696314,1.4872146;
1.9036702,1.4072146;
1.8193012,1.3272147;
1.7195926,1.2472148;
1.6060779,1.1672149;
1.4848934,1.087215;
1.360641,1.007215;
1.2348546,0.9272151;
1.1121361,0.8472151;
0.99401957,0.76721513;
0.882039,0.68721515;
0.77619433,0.60721517;
0.6780195,0.5272152;
0.5890486,0.4472152;
0.50621367,0.36721522;
0.42951465,0.28721523;
0.35741752,0.20721525;
0.2883884,0.12721525;
0.22089323,0.047215253;
0.15339808,-0.032784745;
0.08743691,-0.11278474;
0.01994175,-0.19278474;
-0.049804688,-0.27278474;
-0.12109375,-0.35278475;
-0.1953125,-0.43278477;
-0.2705078,-0.5127848;
-0.3486328,-0.59278476;
-0.42871094,-0.67278475;
-0.5078125,-0.7527847;
-0.5908203,-0.8327847;
-0.6748047,-0.9127847;
-0.7597656,-0.9927847;
-0.84375,-1.0727847;
-0.92871094,-1.1527847;
-1.0107422,-1.2327847;
-1.09375,-1.3127848;
-1.1767578,-1.3927848;
-1.2578125,-1.4727849;
-1.3398438,-1.5527849;
-1.4208984,-1.632785;
-1.5009766,-1.712785;
-1.5800781,-1.792785;
-1.6582031,-1.8727851;
-1.7382812,-1.9527851;
-1.8164062,-2.0327852;
-1.890625,-1.9527853;
-1.9511719,-1.8727853;
-1.9970703,-1.7927854;
-2.022461,-1.7127855;
-2.0253906,-1.6327856;
-2.006836,-1.5527856;
-1.9667969,-1.4727857;
-1.9072266,-1.3927858;
-1.8261719,-1.3127859;
-1.7246094,-1.2327859;
-1.609375,-1.152786;
-1.4863281,-1.0727861;
-1.3574219,-0.99278617;
-1.2285156,-0.9127862;
-1.1015625,-0.8327862;
-0.98046875,-0.7527862;
-0.86816406,-0.67278624;
-0.7626953,-0.59278625;
-0.66796875,-0.51278627;
-0.578125,-0.4327863;
-0.4970703,-0.3527863;
-0.421875,-0.27278632;
-0.3515625,-0.19278634;
-0.28222656,-0.11278634;
-0.21484375,-0.03278634;
-0.14941406,0.04721366;
-0.08203125,0.12721366;
-0.0126953125,0.20721366;
0.059825253,0.28721365;
0.13192235,0.36721367;
0.20708741,0.44721368;
0.28378645,0.5272137;
0.36355346,0.6072137;
0.44332045,0.68721366;
0.5261554,0.76721364;
0.6089904,0.8472136;
0.6918254,0.9272136;
0.77619433,1.0072136;
0.8605633,1.0872136;
0.94339824,1.1672137;
1.0262332,1.2472137;
1.1090682,1.3272138;
1.1919031,1.4072138;
1.2732041,1.4872139;
1.3529711,1.5672139;
1.4327381,1.6472139;
1.512505,1.727214;
1.5907382,1.807214;
1.6705052,1.8872141;
1.7487382,1.9672141;
1.8285052,2.047214;
1.9021362,1.9672141;
1.9650295,1.8872142;
2.0110488,1.8072143;
2.0340586,1.7272143;
2.0340586,1.6472144;
2.0125828,1.5672145;
1.9696314,1.4872146;
1.9036702,1.4072146;
1.8208352,1.3272147;
1.7195926,1.2472148;
1.6060779,1.1672149;
1.4864274,1.087215;
1.360641,1.007215;
1.2363886,0.9272151;
1.1121361,0.8472151;
0.99401957,0.76721513;
0.882039,0.68721515;
0.7777283,0.60721517;
0.6795535,0.5272152;
0.5890486,0.4472152;
0.50621367,0.36721522;
0.42951465,0.28721523;
0.35741752,0.20721525;
0.28685442,0.12721525;
0.21935926,0.047215253;
0.15339808,-0.032784745;
0.08743691,-0.11278474;
0.01994175,-0.19278474;
-0.05078125,-0.27278474;
-0.12109375,-0.35278475;
-0.1953125,-0.43278477;
-0.27148438,-0.5127848;
-0.3486328,-0.59278476;
-0.42871094,-0.67278475;
-0.5097656,-0.7527847;
-0.5908203,-0.8327847;
-0.6748047,-0.9127847;
-0.7597656,-0.9927847;
-0.84375,-1.0727847;
-0.92871094,-1.1527847;
-1.0107422,-1.2327847;
-1.09375,-1.3127848;
-1.1767578,-1.3927848;
-1.2578125,-1.4727849;
-1.3398438,-1.5527849;
-1.4208984,-1.632785;
-1.5009766,-1.712785;
-1.5791016,-1.792785;
-1.6582031,-1.8727851;
