value = [
-1.0039062,-2.0;
-1.6123047,-2.0;
-2.1259766,-2.0;
-2.53125,-2.0;
-2.8261719,-2.0;
-3.0126953,-2.0;
-3.0908203,-2.0;
-3.0839844,-2.0;
-3.008789,-2.0;
-2.8798828,-2.0;
-2.7197266,-2.0;
-2.5449219,-2.0;
-2.3691406,-2.0;
-2.2011719,-2.0;
-2.0527344,-2.0;
-1.9326172,-2.0;
-1.84375,-2.0;
-1.7871094,-2.0;
-1.7617188,-2.0;
-1.7578125,-2.0;
-1.7734375,-2.0;
-1.8007812,-2.0;
-1.8369141,-2.0;
-1.875,-2.0;
-1.9111328,-2.0;
-1.9472656,-2.0;
-1.9775391,-2.0;
-2.0009766,-2.0;
-2.0175781,-2.0;
-2.0283203,-2.0;
-2.0332031,-2.0;
-2.0332031,-2.0;
-2.03125,-2.0;
-2.03125,-2.0;
-2.0292969,-2.0;
-2.0283203,-2.0;
-2.0283203,-2.0;
-2.0283203,-2.0;
-2.0283203,-2.0;
-2.0283203,-2.0;
-2.0263672,-2.0;
-2.0263672,-2.0;
-2.0263672,-2.0;
-2.0263672,-2.0;
-2.0263672,-2.0;
-1.9042969,2.0;
-1.5390625,2.0;
-0.99316406,2.0;
-0.34277344,2.0;
0.34054375,2.0;
1.0047574,2.0;
1.6076119,2.0;
2.1184275,2.0;
2.5187964,2.0;
2.804117,2.0;
2.9789908,2.0;
3.0526218,2.0;
3.0434182,2.0;
2.969787,2.0;
2.8455346,2.0;
2.6890683,2.0;
2.5187964,2.0;
2.3469908,2.0;
2.1843886,2.0;
2.0432625,2.0;
1.928214,2.0;
1.842311,2.0;
1.7886217,2.0;
1.76101,2.0;
1.7579421,2.0;
1.7717478,2.0;
1.7978256,2.0;
1.8300391,2.0;
1.8653207,2.0;
1.9021362,2.0;
1.9358839,2.0;
1.9650295,2.0;
1.9895731,2.0;
2.0079808,2.0;
2.0217867,2.0;
2.0279226,2.0;
2.0309906,2.0;
2.0294566,2.0;
2.0294566,2.0;
2.0279226,2.0;
2.0279226,2.0;
2.0279226,2.0;
2.0279226,2.0;
2.0279226,2.0;
2.0279226,2.0;
2.0279226,2.0;
2.0279226,2.0;
2.0279226,2.0;
2.0279226,2.0;
2.0279226,2.0;
1.9036702,-2.0;
1.5385828,-2.0;
0.9924856,-2.0;
0.34054375,-2.0;
-0.34570312,-2.0;
-1.0146484,-2.0;
-1.6230469,-2.0;
-2.1357422,-2.0;
-2.5371094,-2.0;
-2.8271484,-2.0;
-3.008789,-2.0;
-3.0820312,-2.0;
-3.0664062,-2.0;
-2.9824219,-2.0;
-2.8476562,-2.0;
-2.6845703,-2.0;
-2.508789,-2.0;
-2.3320312,-2.0;
-2.1679688,-2.0;
-2.0253906,-2.0;
-1.9101562,-2.0;
-1.8291016,-2.0;
-1.7792969,-2.0;
-1.7597656,-2.0;
-1.7617188,-2.0;
-1.7792969,-2.0;
-1.8085938,-2.0;
-1.8457031,-2.0;
-1.8837891,-2.0;
-1.921875,-2.0;
-1.9560547,-2.0;
-1.9833984,-2.0;
-2.0048828,-2.0;
-2.0205078,-2.0;
-2.0292969,-2.0;
-2.0332031,-2.0;
-2.03125,-2.0;
-2.0292969,-2.0;
-2.0292969,-2.0;
-2.0283203,-2.0;
-2.0283203,-2.0;
-2.0283203,-2.0;
-2.0283203,-2.0;
-2.0283203,-2.0;
-2.0283203,-2.0;
-2.0283203,-2.0;
-2.0283203,-2.0;
-2.0283203,-2.0;
-2.0283203,-2.0;
-2.0283203,-2.0;
-1.9052734,2.0;
-1.5390625,2.0;
-0.99121094,2.0;
-0.34277344,2.0;
0.34207773,2.0;
1.0078254,2.0;
1.6106799,2.0;
2.1214955,2.0;
2.5218644,2.0;
2.808719,2.0;
2.9805248,2.0;
3.0572238,2.0;
3.051088,2.0;
2.9805248,2.0;
2.8593404,2.0;
2.7074761,2.0;
2.5372043,2.0;
2.3638644,2.0;
2.2012625,2.0;
2.0555344,2.0;
1.9374177,2.0;
1.848447,2.0;
1.7901556,2.0;
1.7579421,2.0;
1.7518061,2.0;
1.764078,2.0;
1.7886217,2.0;
1.8193012,2.0;
1.8561168,2.0;
1.8929324,2.0;
1.928214,2.0;
1.9588935,2.0;
1.9849713,2.0;
2.004913,2.0;
2.0202527,2.0;
2.0279226,2.0;
2.0309906,2.0;
2.0309906,2.0;
2.0309906,2.0;
2.0294566,2.0;
2.0294566,2.0;
2.0294566,2.0;
2.0279226,2.0;
2.0279226,2.0;
2.0279226,2.0;
2.0279226,2.0;
2.0279226,2.0;
2.0279226,2.0;
2.0279226,2.0;
2.0279226,2.0;
1.9036702,-2.0;
1.5401168,-2.0;
0.99555355,-2.0;
0.34667966,-2.0;
-0.33789062,-2.0;
-1.0068359,-2.0;
-1.6142578,-2.0;
-2.1279297,-2.0;
-2.53125,-2.0;
-2.821289,-2.0;
-3.0019531,-2.0;
-3.0761719,-2.0;
-3.0625,-2.0;
-2.9794922,-2.0;
-2.8476562,-2.0;
-2.6865234,-2.0;
-2.5117188,-2.0;
-2.334961,-2.0;
-2.1728516,-2.0;
-2.0292969,-2.0;
-1.9150391,-2.0;
-1.8320312,-2.0;
-1.78125,-2.0;
-1.7597656,-2.0;
-1.7617188,-2.0;
-1.7783203,-2.0;
-1.8076172,-2.0;
-1.8427734,-2.0;
-1.8808594,-2.0;
-1.9189453,-2.0;
-1.953125,-2.0;
-1.9824219,-2.0;
-2.0048828,-2.0;
-2.0205078,-2.0;
-2.0292969,-2.0;
-2.0332031,-2.0;
-2.0332031,-2.0;
-2.03125,-2.0;
-2.0292969,-2.0;
-2.0292969,-2.0;
-2.0283203,-2.0;
-2.0283203,-2.0;
-2.0283203,-2.0;
-2.0283203,-2.0;
-2.0283203,-2.0;
-2.0283203,-2.0;
-2.0283203,-2.0;
-2.0283203,-2.0;
-2.0283203,-2.0;
-2.0283203,-2.0;
-1.9052734,2.0;
-1.5371094,2.0;
-0.9892578,2.0;
-0.3408203,2.0;
0.34207773,2.0;
1.0062914,2.0;
1.6091459,2.0;
2.1214955,2.0;
2.5218644,2.0;
2.808719,2.0;
2.9805248,2.0;
3.0526218,2.0;
3.0418842,2.0;
2.966719,2.0;
2.8409326,2.0;
2.6844664,2.0;
2.5141945,2.0;
2.340855,2.0;
2.1797867,2.0;
2.0386605,2.0;
1.923612,2.0;
1.839243,2.0;
1.7840197,2.0;
1.7564081,2.0;
1.7533401,2.0;
1.7671459,2.0;
1.7932236,2.0;
1.8269712,2.0;
1.8637867,2.0;
1.9006022,2.0;
1.9343499,2.0;
1.9650295,2.0;
1.9911071,2.0;
2.0095148,2.0;
2.0233207,2.0;
2.0294566,2.0;
2.0325246,2.0;
2.0309906,2.0;
2.0309906,2.0;
2.0294566,2.0;
2.0294566,2.0;
2.0279226,2.0;
2.0279226,2.0;
2.0279226,2.0;
2.0279226,2.0;
2.0279226,2.0;
2.0279226,2.0;
2.0279226,2.0;
2.0279226,2.0;
2.0279226,2.0;
1.9036702,-2.0;
1.5431848,-2.0;
0.9986215,-2.0;
0.34974763,-2.0;
-0.33496094,-2.0;
-1.0019531,-2.0;
-1.6113281,-2.0;
-2.125,-2.0;
-2.5283203,-2.0;
-2.8183594,-2.0;
-2.9990234,-2.0;
-3.0742188,-2.0;
-3.0585938,-2.0;
-2.9765625,-2.0;
-2.8427734,-2.0;
-2.6835938,-2.0;
-2.508789,-2.0;
-2.3330078,-2.0;
-2.1708984,-2.0;
-2.0292969,-2.0;
-1.9150391,-2.0;
-1.8330078,-2.0;
-1.7832031,-2.0;
-1.7626953,-2.0;
-1.7626953,-2.0;
-1.78125,-2.0;
-1.8085938,-2.0;
-1.84375,-2.0;
-1.8828125,-2.0;
-1.9189453,-2.0;
-1.953125,-2.0;
-1.9804688,-2.0;
-2.0039062,-2.0;
-2.0185547,-2.0;
-2.0283203,-2.0;
-2.0332031,-2.0;
-2.03125,-2.0;
-2.0292969,-2.0;
-2.0292969,-2.0;
-2.0292969,-2.0;
-2.0283203,-2.0;
-2.0283203,-2.0;
-2.0283203,-2.0;
-2.0283203,-2.0;
-2.0283203,-2.0;
-2.0283203,-2.0;
-2.0283203,-2.0;
-2.0283203,-2.0;
-2.0283203,-2.0;
-2.0283203,-2.0;
-1.9052734,2.0;
-1.5361328,2.0;
-0.9863281,2.0;
-0.3359375,2.0;
0.34667966,2.0;
1.0108933,2.0;
1.6137478,2.0;
2.1245635,2.0;
2.5249324,2.0;
2.810253,2.0;
2.9805248,2.0;
3.0526218,2.0;
3.0403502,2.0;
2.9636512,2.0;
2.8378646,2.0;
2.6813984,2.0;
2.5095925,2.0;
2.337787,2.0;
2.176719,2.0;
2.0355926,2.0;
1.922078,2.0;
1.839243,2.0;
1.7855537,2.0;
1.7594761,2.0;
1.7579421,2.0;
1.7732818,2.0;
1.7993596,2.0;
1.8331071,2.0;
1.8683887,2.0;
1.9052042,2.0;
1.9389517,2.0;
1.9680974,2.0;
1.9926411,2.0;
2.0095148,2.0;
2.0217867,2.0;
2.0279226,2.0;
2.0294566,2.0;
2.0279226,2.0;
2.0279226,2.0;
2.0279226,2.0;
2.0279226,2.0;
2.0263886,2.0;
2.0263886,2.0;
2.0263886,2.0;
2.0263886,2.0;
2.0263886,2.0;
2.0263886,2.0;
2.0263886,2.0;
2.0263886,2.0;
2.0263886,2.0;
1.9052042,-2.0;
1.5431848,-2.0;
1.0001556,-2.0;
0.3512816,-2.0;
-0.3330078,-2.0;
-1.0019531,-2.0;
-1.6113281,-2.0;
-2.125,-2.0;
-2.5283203,-2.0;
-2.8183594,-2.0;
-2.9990234,-2.0;
-3.0732422,-2.0;
-3.0585938,-2.0;
-2.9746094,-2.0;
-2.8398438,-2.0;
-2.678711,-2.0;
-2.5039062,-2.0;
-2.3300781,-2.0;
-2.1660156,-2.0;
-2.0253906,-2.0;
-1.9130859,-2.0;
-1.8320312,-2.0;
-1.7832031,-2.0;
-1.7626953,-2.0;
-1.7646484,-2.0;
-1.78125,-2.0;
-1.8105469,-2.0;
-1.8457031,-2.0;
-1.8837891,-2.0;
-1.9208984,-2.0;
-1.9541016,-2.0;
-1.9824219,-2.0;
-2.0039062,-2.0;
-2.0185547,-2.0;
-2.0283203,-2.0;
-2.03125,-2.0;
-2.0292969,-2.0;
-2.0292969,-2.0;
-2.0283203,-2.0;
-2.0283203,-2.0;
-2.0283203,-2.0;
-2.0283203,-2.0;
-2.0283203,-2.0;
-2.0283203,-2.0;
-2.0283203,-2.0;
-2.0283203,-2.0;
-2.0283203,-2.0;
-2.0283203,-2.0;
-2.0283203,-2.0;
-2.0283203,-2.0;
-1.9052734,2.0;
-1.5341797,2.0;
-0.98535156,2.0;
-0.33496094,2.0;
0.34974763,2.0;
1.0139613,2.0;
1.6168158,2.0;
2.1276314,2.0;
2.5280004,2.0;
2.8133209,2.0;
2.9851267,2.0;
3.0572238,2.0;
3.0464861,2.0;
2.968253,2.0;
2.8409326,2.0;
2.6844664,2.0;
2.5111265,2.0;
2.337787,2.0;
2.176719,2.0;
2.0355926,2.0;
1.922078,2.0;
1.8377091,2.0;
1.7840197,2.0;
1.7579421,2.0;
1.7564081,2.0;
1.7717478,2.0;
1.7978256,2.0;
