output = [
-1.5527344,-0.8674015;
-1.375,-0.67573684;
-1.1826172,-0.47729248;
-0.9746094,-0.27397177;
-0.7548828,-0.06769884;
-0.5263672,0.1395751;
-0.29296875,0.345865;
-0.05859375,0.54914755;
0.1764078,0.74736047;
0.40957287,0.9384079;
0.63660204,1.1201731;
0.8574953,1.2905403;
1.0691847,1.4474258;
1.2686021,1.5888182;
1.4526799,1.712827;
1.6229517,1.8177365;
1.7748158,1.9020611;
1.9082721,1.9645978;
2.0202527,2.0044703;
2.1122916,2.0211606;
2.178253,2.0145237;
2.2196703,1.9847851;
2.2334762,1.9325207;
2.2227383,1.8586228;
2.1874566,1.7642542;
2.1306994,1.6507992;
2.0493984,1.5198122;
1.9466217,1.3729726;
1.8254372,1.2120445;
1.6858449,1.0388465;
1.5247769,0.8552307;
1.3483691,0.6630696;
1.1581556,0.46425158;
0.9526021,0.26068112;
0.73631084,0.054283917;
0.5123496,-0.15298681;
0.28225246,-0.35914367;
0.047553405,-0.56216073;
-0.18554688,-0.75997335;
-0.41796875,-0.95048386;
-0.64453125,-1.1315749;
-0.8642578,-1.3011316;
-1.0722656,-1.4570736;
-1.2705078,-1.5973958;
-1.4541016,-1.7202173;
-1.625,-1.8238358;
-1.7783203,-1.9067825;
-1.9101562,-1.9678742;
-2.0234375,-2.006257;
-2.1171875,-2.0214367;
-2.1865234,-2.0132928;
-2.2304688,-1.9820743;
-2.2460938,-1.9283786;
-2.2353516,-1.853117;
-2.1982422,-1.7574682;
-2.140625,-1.6428291;
-2.0585938,-1.5107635;
-1.9560547,-1.3629574;
-1.8349609,-1.201179;
-1.6933594,-1.0272499;
-1.53125,-0.8430238;
-1.3505859,-0.65037423;
-1.1572266,-0.45119053;
-0.94628906,-0.24737844;
-0.72558594,-0.040865183;
-0.4970703,0.16639398;
-0.2626953,0.37240925;
-0.028320312,0.57515216;
0.20708741,0.7725557;
0.43871853,0.96252036;
0.6657477,1.1429282;
0.8851069,1.3116655;
1.0952623,1.4666555;
1.2931458,1.6058996;
1.4756895,1.7275268;
1.6428934,1.8298482;
1.7932236,1.9114119;
1.923612,1.9710549;
2.0340586,2.007946;
2.1230295,2.0216148;
2.1859226,2.011965;
2.2227383,1.979269;
2.2319422,1.9241459;
2.2181363,1.8475256;
2.1797867,1.7506026;
2.1199615,1.6347859;
2.0355926,1.5016488;
1.9328159,1.3528835;
1.8085634,1.1902627;
1.6659032,1.0156103;
1.5033011,0.8307817;
1.3253595,0.63765156;
1.1320778,0.43811017;
0.9249905,0.23406452;
0.7071652,0.02744338;
0.48320398,-0.17979588;
0.25157285,-0.38566107;
0.01840777,-0.5881212;
-0.21484375,-0.78510684;
-0.44628906,-0.9745168;
-0.671875,-1.1542326;
-0.89160156,-1.3221419;
-1.1005859,-1.4761715;
-1.296875,-1.6143296;
-1.4794922,-1.7347554;
-1.6464844,-1.8357735;
-1.796875,-1.9159493;
-1.9267578,-1.9741403;
-2.0371094,-2.0095377;
-2.1279297,-2.0216951;
-2.194336,-2.0105407;
-2.2333984,-1.9763699;
-2.2460938,-1.9198233;
-2.2324219,-1.8418493;
-2.1923828,-1.743658;
-2.1308594,-1.6266704;
-2.046875,-1.4924687;
-1.9423828,-1.3427516;
-1.8183594,-1.1792959;
-1.671875,-1.0039281;
-1.5078125,-0.8185048;
-1.3251953,-0.62490207;
-1.1289062,-0.42501098;
-0.9189453,-0.22073981;
-0.69628906,-0.014019012;
-0.46679688,0.19319202;
-0.23339844,0.39889863;
0.0030679617,0.60106725;
0.23776703,0.79762614;
0.46939814,0.9864725;
0.69489336,1.1654874;
0.9127186,1.33256;
1.12134,1.4856209;
1.3161556,1.6226852;
1.4971653,1.7419025;
1.6628352,1.8416113;
1.8100973,1.9203944;
1.9374177,1.9771298;
2.0447965,2.0110314;
2.1306994,2.0216773;
2.1920586,2.0090194;
2.2258062,1.9733765;
2.2334762,1.9154104;
2.2150683,1.8360878;
2.175185,1.7366341;
2.1122916,1.6184822;
2.0248547,1.4832233;
1.917476,1.332562;
1.7916896,1.168279;
1.6459614,0.9922035;
1.4802915,0.8061935;
1.3008157,0.612126;
1.1044662,0.41189325;
0.8958448,0.2074047;
0.67648554,5.9245527E-4;
0.45099038,-0.20658194;
0.21935926,-0.41212142;
-0.013671875,-0.61398983;
-0.24609375,-0.8101132;
-0.47558594,-0.99838704;
-0.7011719,-1.1766921;
-0.91796875,-1.3429192;
-1.125,-1.495003;
-1.3193359,-1.6309657;
-1.5009766,-1.7489675;
-1.6660156,-1.8473611;
-1.8134766,-1.9247469;
-1.9423828,-1.9800234;
-2.0507812,-2.0124276;
-2.1386719,-2.0215616;
-2.2011719,-2.0074015;
-2.2382812,-1.9702892;
-2.2460938,-1.9109076;
-2.2294922,-1.8302417;
-2.1865234,-1.7295316;
-2.1220703,-1.6102222;
-2.0341797,-1.4739132;
-1.9287109,-1.3223151;
-1.8007812,-1.1572126;
-1.6542969,-0.98043716;
-1.4853516,-0.79384834;
-1.3027344,-0.5993241;
-1.1035156,-0.39875776;
-0.88964844,-0.19405994;
-0.6660156,0.0128355175;
-0.43554688,0.2199649;
-0.20117188,0.4253287;
0.035281558,0.6268883;
0.26998064,0.8225672;
0.5000778,1.0102596;
0.72557294,1.1878461;
0.94186425,1.353219;
1.1489516,1.5043174;
1.3422332,1.6391709;
1.520175,1.7559502;
1.6827769,1.8530226;
1.8269712,1.9290065;
1.9527576,1.982821;
2.0570683,2.0137262;
2.1399033,2.0213482;
2.1966605,2.0056875;
2.2258062,1.967109;
2.2304082,1.906316;
2.2089324,1.8243119;
2.164447,1.7223516;
2.0984857,1.6018913;
2.0095148,1.4645392;
1.9006022,1.3120117;
1.7717478,1.1460974;
1.6229517,0.96862984;
1.4572818,0.78147006;
1.2747381,0.586497;
1.0768546,0.38560492;
0.86669916,0.1807059;
0.64733994,-0.026264533;
0.42184472,-0.23334056;
0.19021362,-0.43852016;
-0.04296875,-0.6397621;
-0.2763672,-0.8349878;
-0.5048828,-1.02209;
-0.7285156,-1.198949;
-0.9453125,-1.3634591;
-1.1503906,-1.5135639;
-1.34375,-1.6473004;
-1.5234375,-1.7628504;
-1.6865234,-1.8585958;
-1.8320312,-1.9331731;
-1.9580078,-1.9855224;
-2.0634766,-2.014927;
-2.147461,-2.0210369;
-2.2089844,-2.003877;
-2.241211,-1.9638348;
-2.2460938,-1.9016347;
-2.2265625,-1.8182976;
-2.1796875,-1.7150931;
-2.1123047,-1.5934888;
-2.0234375,-1.455101;
-1.9130859,-1.3016518;
-1.7841797,-1.1349334;
-1.6337891,-0.9567815;
-1.4638672,-0.7690586;
-1.2783203,-0.57364464;
-1.0771484,-0.3724349;
-0.8623047,-0.16734284;
-0.63671875,0.039694324;
-0.40527344,0.24670857;
-0.17089844,0.45169538;
0.065961175,0.652611;
0.30066025,0.8473747;
0.53075737,1.0338776;
0.7547186,1.2100003;
0.96947587,1.373639;
1.1734953,1.5227418;
1.365243,1.6553535;
1.5416508,1.7696674;
1.7027187,1.8640801;
1.843845,1.9372463;
1.9665635,1.9881275;
2.0678062,2.0160298;
2.1475732,2.020628;
2.2012625,2.0019705;
2.2273402,1.960468;
2.2288742,1.8968652;
2.2043304,1.8122007;
2.1583111,1.7077582;
2.087748,1.5850165;
1.9957091,1.4456002;
1.8852625,1.2912366;
1.7533401,1.1237217;
1.6030099,0.94489336;
1.434272,0.7566152;
1.2501943,0.5607683;
1.0507768,0.359249;
0.83908755,0.15397197;
0.61972827,-0.053123683;
0.3911651,-0.26006776;
0.159534,-0.46485323;
-0.07421875,-0.6654338;
-0.30566406,-0.85972655;
-0.53515625,-1.0456214;
-0.7578125,-1.2209989;
-0.97265625,-1.3837575;
-1.1767578,-1.5318501;
-1.3671875,-1.6633296;
-1.5449219,-1.7764007;
-1.7060547,-1.869475;
-1.8486328,-1.9412259;
-1.9716797,-1.990636;
-2.0761719,-2.017035;
-2.1572266,-2.0201216;
-2.2138672,-1.9999683;
-2.241211,-1.9570085;
-2.243164,-1.8920072;
-2.2197266,-1.8060205;
-2.1708984,-1.7003464;
-2.100586,-1.5764742;
-2.0078125,-1.4360366;
-1.8964844,-1.2807664;
-1.7646484,-1.1124628;
-1.6113281,-0.93296576;
-1.4394531,-0.7441403;
-1.2519531,-0.5478685;
-1.0498047,-0.34604758;
-0.8330078,-0.14059374;
-0.6074219,0.06655215;
-0.37597656,0.27341762;
-0.13964844,0.47799316;
0.09510681,0.67823;
0.32980588,0.87204295;
0.559903,1.0573208;
0.7823302,1.2319443;
0.99708754,1.3938142;
1.2011069,1.5408885;
1.3897866,1.6712283;
1.5646604,1.7830498;
1.7211266,1.8747803;
1.8607187,1.9451115;
1.9803693,1.9930477;
2.0785441,2.017942;
2.1552432,2.0195172;
2.2043304,1.99787;
2.2273402,1.9534562;
2.2258062,1.887061;
2.1981945,1.7997576;
2.1491072,1.692858;
2.0754762,1.5678623;
1.9819033,1.4264107;
1.8683887,1.2702414;
1.7349323,1.1011567;
1.5815343,0.9209988;
1.4097284,0.73163396;
1.2241167,0.53494513;
1.0231652,0.33283073;
0.8099419,0.12720823;
0.5890486,-0.07997958;
0.3604855,-0.286758;
0.12732041,-0.491115;
-0.10644531,-0.69099927;
-0.33789062,-0.8843236;
-0.5644531,-1.0689756;
-0.7871094,-1.2428362;
-1.0,-1.403809;
-1.203125,-1.5498568;
-1.3916016,-1.6790493;
