output = [
-0.7753906,-1.0175941;
-0.92089844,-0.8919941;
-1.0322266,-0.76639414;
-1.1005859,-0.64079416;
-1.1171875,-0.5151942;
-1.0859375,-0.3895942;
-1.0107422,-0.26399422;
-0.89746094,-0.13839424;
-0.7548828,-0.012794241;
-0.5888672,0.112805754;
-0.40820312,0.23840575;
-0.22070312,0.36400574;
-0.029296875,0.48960575;
0.16260196,0.61520576;
0.34974763,0.74080575;
0.53229135,0.8664057;
0.7025632,0.9920057;
0.8636312,1.1176057;
1.0062914,0.9920057;
1.119806,0.8664057;
1.1903691,0.74080575;
1.2087768,0.61520576;
1.1765633,0.48960578;
1.0983303,0.3640058;
0.9863497,0.23840582;
0.8467574,0.11280583;
0.68415546,-0.012794167;
0.5046797,-0.13839416;
0.31600004,-0.26399416;
0.12271847,-0.38959417;
-0.07128906,-0.5151942;
-0.2578125,-0.64079416;
-0.43945312,-0.76639414;
-0.6123047,-0.8919941;
-0.7753906,-1.0175941;
-0.91796875,-0.8919941;
-1.0292969,-0.76639414;
-1.0957031,-0.64079416;
-1.1123047,-0.5151942;
-1.0800781,-0.3895942;
-1.0048828,-0.26399422;
-0.8925781,-0.13839424;
-0.75,-0.012794241;
-0.5830078,0.112805754;
-0.4033203,0.23840575;
-0.21679688,0.36400574;
-0.026367188,0.48960575;
0.16566993,0.61520576;
0.3512816,0.74080575;
0.53229135,0.8664057;
0.7025632,0.9920057;
0.8620972,1.1176057;
1.0047574,0.9920057;
1.1182721,0.8664057;
1.1888351,0.74080575;
1.2072428,0.61520576;
1.1734953,0.48960578;
1.0967963,0.3640058;
0.9848157,0.23840582;
0.84368944,0.11280583;
0.6810875,-0.012794167;
0.5031457,-0.13839416;
0.31446606,-0.26399416;
0.12118448,-0.38959417;
-0.07128906,-0.5151942;
-0.2578125,-0.64079416;
-0.43945312,-0.76639414;
-0.61035156,-0.8919941;
-0.7734375,-1.0175941;
-0.91796875,-0.8919941;
-1.0283203,-0.76639414;
-1.09375,-0.64079416;
-1.1113281,-0.5151942;
-1.0791016,-0.3895942;
-1.0019531,-0.26399422;
-0.8886719,-0.13839424;
-0.74609375,-0.012794241;
-0.578125,0.112805754;
-0.39941406,0.23840575;
-0.21191406,0.36400574;
-0.021484375,0.48960575;
0.16873789,0.61520576;
0.35434958,0.74080575;
0.53382534,0.8664057;
0.7040972,0.9920057;
0.8620972,1.1176057;
1.0047574,0.9920057;
1.1167381,0.8664057;
1.1857672,0.74080575;
1.2026409,0.61520576;
1.1704274,0.48960578;
1.0921943,0.3640058;
0.98021376,0.23840582;
0.8406215,0.11280583;
0.6780195,-0.012794167;
0.5000778,-0.13839416;
0.31139812,-0.26399416;
0.11811652,-0.38959417;
-0.07421875,-0.5151942;
-0.2607422,-0.64079416;
-0.4404297,-0.76639414;
-0.6123047,-0.8919941;
-0.7734375,-1.0175941;
-0.9160156,-0.8919941;
-1.0263672,-0.76639414;
-1.0927734,-0.64079416;
-1.1074219,-0.5151942;
-1.0751953,-0.3895942;
-0.99902344,-0.26399422;
-0.88378906,-0.13839424;
-0.74121094,-0.012794241;
-0.5751953,0.112805754;
-0.39648438,0.23840575;
-0.20898438,0.36400574;
-0.018554688,0.48960575;
0.17027187,0.61520576;
0.35588354,0.74080575;
0.5353593,0.8664057;
0.7040972,0.9920057;
0.8620972,1.1176057;
1.0047574,0.9920057;
1.1152041,0.8664057;
1.1842332,0.74080575;
1.2011069,0.61520576;
1.1673595,0.48960578;
1.0891263,0.3640058;
0.9771458,0.23840582;
0.83755356,0.11280583;
0.67495155,-0.012794167;
0.49700978,-0.13839416;
0.30833015,-0.26399416;
0.11658254,-0.38959417;
-0.07519531,-0.5151942;
-0.2607422,-0.64079416;
-0.4423828,-0.76639414;
-0.6123047,-0.8919941;
-0.7734375,-1.0175941;
-0.9160156,-0.8919941;
-1.0253906,-0.76639414;
-1.0908203,-0.64079416;
-1.1064453,-0.5151942;
-1.0722656,-0.3895942;
-0.9941406,-0.26399422;
-0.8808594,-0.13839424;
-0.73828125,-0.012794241;
-0.5722656,0.112805754;
-0.39257812,0.23840575;
-0.20605469,0.36400574;
-0.017578125,0.48960575;
0.17333983,0.61520576;
0.35741752,0.74080575;
0.5368933,0.8664057;
0.7056312,0.9920057;
0.8636312,1.1176057;
1.0032234,0.9920057;
1.1136701,0.8664057;
1.1826992,0.74080575;
1.199573,0.61520576;
1.1658255,0.48960578;
1.0875925,0.3640058;
0.9756118,0.23840582;
0.8360196,0.11280583;
0.6734176,-0.012794167;
0.4954758,-0.13839416;
0.30679616,-0.26399416;
0.115048565,-0.38959417;
-0.07519531,-0.5151942;
-0.2607422,-0.64079416;
-0.4423828,-0.76639414;
-0.6123047,-0.8919941;
-0.7734375,-1.0175941;
-0.9160156,-0.8919941;
-1.0253906,-0.76639414;
-1.0898438,-0.64079416;
-1.1044922,-0.5151942;
-1.0712891,-0.3895942;
-0.99316406,-0.26399422;
-0.87890625,-0.13839424;
-0.73535156,-0.012794241;
-0.56933594,0.112805754;
-0.38964844,0.23840575;
-0.20410156,0.36400574;
-0.013671875,0.48960575;
0.17487381,0.61520576;
0.3589515,0.74080575;
0.5368933,0.8664057;
0.7056312,0.9920057;
0.8636312,1.1176057;
1.0032234,0.9920057;
1.1136701,0.8664057;
1.1811652,0.74080575;
1.198039,0.61520576;
1.1642915,0.48960578;
1.0860585,0.3640058;
0.9756118,0.23840582;
0.8344856,0.11280583;
0.67188364,-0.012794167;
0.49394184,-0.13839416;
0.30679616,-0.26399416;
0.115048565,-0.38959417;
-0.07714844,-0.5151942;
-0.2626953,-0.64079416;
-0.4423828,-0.76639414;
-0.6123047,-0.8919941;
-0.7734375,-1.0175941;
-0.9140625,-0.8919941;
-1.0234375,-0.76639414;
-1.0878906,-0.64079416;
-1.1035156,-0.5151942;
-1.0683594,-0.3895942;
-0.9892578,-0.26399422;
-0.87597656,-0.13839424;
-0.7324219,-0.012794241;
-0.5644531,0.112805754;
-0.3857422,0.23840575;
-0.19921875,0.36400574;
-0.0107421875,0.48960575;
0.1764078,0.61520576;
0.36201948,0.74080575;
0.5384273,0.8664057;
0.7056312,0.9920057;
0.8620972,1.1176057;
1.0032234,0.9920057;
1.1121361,0.8664057;
1.1796312,0.74080575;
1.1965051,0.61520576;
1.1627575,0.48960578;
1.0845245,0.3640058;
0.97254384,0.23840582;
0.8329516,0.11280583;
0.67034966,-0.012794167;
0.49240786,-0.13839416;
0.30526218,-0.26399416;
0.11351458,-0.38959417;
-0.07714844,-0.5151942;
-0.26367188,-0.64079416;
-0.44335938,-0.76639414;
-0.6142578,-0.8919941;
-0.7734375,-1.0175941;
-0.9140625,-0.8919941;
-1.0234375,-0.76639414;
-1.0878906,-0.64079416;
-1.1015625,-0.5151942;
-1.0683594,-0.3895942;
-0.9892578,-0.26399422;
-0.875,-0.13839424;
-0.7324219,-0.012794241;
-0.5644531,0.112805754;
-0.3857422,0.23840575;
-0.19921875,0.36400574;
-0.0107421875,0.48960575;
0.17794177,0.61520576;
0.36201948,0.74080575;
0.5384273,0.8664057;
0.7056312,0.9920057;
0.8620972,1.1176057;
1.0032234,0.9920057;
1.1121361,0.8664057;
1.1796312,0.74080575;
1.1965051,0.61520576;
1.1612235,0.48960578;
1.0829905,0.3640058;
0.97100985,0.23840582;
0.8314176,0.11280583;
0.6688157,-0.012794167;
0.49240786,-0.13839416;
0.3037282,-0.26399416;
0.11351458,-0.38959417;
-0.078125,-0.5151942;
-0.26367188,-0.64079416;
-0.4423828,-0.76639414;
-0.6142578,-0.8919941;
-0.7734375,-1.0175941;
-0.9140625,-0.8919941;
-1.0214844,-0.76639414;
-1.0859375,-0.64079416;
-1.1005859,-0.5151942;
-1.0644531,-0.3895942;
-0.98828125,-0.26399422;
-0.8730469,-0.13839424;
-0.7285156,-0.012794241;
-0.56347656,0.112805754;
-0.38378906,0.23840575;
-0.19824219,0.36400574;
-0.009765625,0.48960575;
0.17947575,0.61520576;
0.36355346,0.74080575;
0.5399613,0.8664057;
0.7071652,0.9920057;
0.8636312,1.1176057;
1.0032234,0.9920057;
1.1121361,0.8664057;
1.1796312,0.74080575;
1.1949711,0.61520576;
1.1596895,0.48960578;
1.0814565,0.3640058;
0.97100985,0.23840582;
0.82988364,0.11280583;
0.6688157,-0.012794167;
0.49087387,-0.13839416;
0.3037282,-0.26399416;
0.1119806,-0.38959417;
-0.078125,-0.5151942;
-0.26367188,-0.64079416;
-0.44335938,-0.76639414;
-0.6142578,-0.8919941;
-0.7734375,-1.0175941;
-0.9140625,-0.8919941;
-1.0214844,-0.76639414;
-1.0859375,-0.64079416;
-1.0986328,-0.5151942;
-1.0634766,-0.3895942;
-0.98535156,-0.26399422;
-0.8701172,-0.13839424;
-0.72558594,-0.012794241;
-0.55859375,0.112805754;
-0.37890625,0.23840575;
-0.19335938,0.36400574;
-0.0068359375,0.48960575;
0.18100974,0.61520576;
0.36508745,0.74080575;
0.54149526,0.8664057;
0.7071652,0.9920057;
0.8636312,1.1176057;
1.0032234,0.9920057;
1.1121361,0.8664057;
1.1780972,0.74080575;
1.1934371,0.61520576;
1.1581556,0.48960578;
1.0799226,0.3640058;
0.96947587,0.23840582;
0.82834965,0.11280583;
