value = [
-1.84375,-1.9456159;
-1.8779297,-1.9776158;
-1.9101562,-2.009616;
-1.9404297,-1.9776161;
-1.9648438,-1.9456161;
-1.9804688,-1.9136162;
-1.9863281,-1.8816162;
-1.9833984,-1.8496163;
-1.9716797,-1.8176163;
-1.953125,-1.7856164;
-1.9208984,-1.5344164;
-1.8613281,-1.2832165;
-1.765625,-1.0320165;
-1.6289062,-0.78081656;
-1.4560547,-0.5296166;
-1.2460938,-0.27841663;
-1.0039062,-0.027216643;
-0.7363281,0.22398335;
-0.4482422,0.47518334;
-0.14941406,0.7263833;
0.15646605,0.97758335;
0.4647962,1.2287834;
0.7700584,1.4799833;
1.0707186,1.7311833;
1.363709,1.9823833;
1.6474954,2.2335832;
1.9067382,1.9823833;
2.1153595,1.7311833;
2.245748,1.4799833;
2.2840974,1.2287834;
2.2273402,0.9775834;
2.083146,0.72638345;
1.8653207,0.4751835;
1.5907382,0.2239835;
1.2655342,-0.027216494;
0.9096506,-0.27841648;
0.5353593,-0.5296165;
0.15493207,-0.7808165;
-0.22265625,-1.0320165;
-0.5888672,-1.2832165;
-0.9394531,-1.5344164;
-1.2685547,-1.7856164;
-1.5742188,-2.0368164;
-1.8427734,-1.7856164;
-2.0449219,-1.5344164;
-2.163086,-1.2832165;
-2.1875,-1.0320165;
-2.1191406,-0.78081656;
-1.9619141,-0.5296166;
-1.7294922,-0.27841663;
-1.4326172,-0.027216643;
-1.0898438,0.22398335;
-0.7167969,0.47518334;
-0.328125,0.7263833;
0.06289321,0.97758335;
0.44638842,1.2287834;
0.8176118,1.4799833;
1.1658255,1.7311833;
1.4910294,1.9823833;
1.7916896,2.2335832;
2.0555344,1.9823833;
2.256486,1.7311833;
2.3684664,1.4799833;
2.3899422,1.2287834;
2.322447,0.9775834;
2.165981,0.72638345;
1.9297479,0.4751835;
1.6352236,0.2239835;
1.2916118,-0.027216494;
0.91885453,-0.27841648;
0.53075737,-0.5296165;
0.13805827,-0.7808165;
-0.24707031,-1.0320165;
-0.61816406,-1.2832165;
-0.9716797,-1.5344164;
-1.2998047,-1.7856164;
-1.6035156,-2.0368164;
-1.8671875,-1.7856164;
-2.0634766,-1.5344164;
-2.1767578,-1.2832165;
-2.1953125,-1.0320165;
-2.1201172,-0.78081656;
-1.9589844,-0.5296166;
-1.7226562,-0.27841663;
-1.4238281,-0.027216643;
-1.0791016,0.22398335;
-0.7060547,0.47518334;
-0.3173828,0.7263833;
0.0720971,0.97758335;
0.45405832,1.2287834;
0.8206797,1.4799833;
1.1673595,1.7311833;
1.4925634,1.9823833;
1.7916896,2.2335832;
2.0540004,1.9823833;
2.253418,1.7311833;
2.3638644,1.4799833;
2.3838062,1.2287834;
2.3132432,0.9775834;
2.1537092,0.72638345;
1.917476,0.4751835;
1.6229517,0.2239835;
1.280874,-0.027216494;
0.9096506,-0.27841648;
0.5215535,-0.5296165;
0.13192235,-0.7808165;
-0.25195312,-1.0320165;
-0.62109375,-1.2832165;
-0.97265625,-1.5344164;
-1.2998047,-1.7856164;
-1.6015625,-2.0368164;
-1.8642578,-1.7856164;
-2.0605469,-1.5344164;
-2.1728516,-1.2832165;
-2.1904297,-1.0320165;
-2.1142578,-0.78081656;
-1.9541016,-0.5296166;
-1.71875,-0.27841663;
-1.4189453,-0.027216643;
-1.0751953,0.22398335;
-0.703125,0.47518334;
-0.31640625,0.7263833;
0.0720971,0.97758335;
0.45405832,1.2287834;
0.8222137,1.4799833;
1.1673595,1.7311833;
1.4910294,1.9823833;
1.7901556,2.2335832;
2.0524664,1.9823833;
2.25035,1.7311833;
2.3607965,1.4799833;
2.3792043,1.2287834;
2.3071072,0.9775834;
2.1475732,0.72638345;
1.9098061,0.4751835;
1.6137478,0.2239835;
1.2716701,-0.027216494;
0.9004468,-0.27841648;
0.5138836,-0.5296165;
0.12578642,-0.7808165;
-0.25683594,-1.0320165;
-0.625,-1.2832165;
-0.97265625,-1.5344164;
-1.2978516,-1.7856164;
-1.6005859,-2.0368164;
-1.8613281,-1.7856164;
-2.0576172,-1.5344164;
-2.1689453,-1.2832165;
-2.1875,-1.0320165;
-2.1113281,-0.78081656;
-1.9511719,-0.5296166;
-1.7148438,-0.27841663;
-1.4179688,-0.027216643;
-1.0742188,0.22398335;
-0.7011719,0.47518334;
-0.31445312,0.7263833;
0.07363108,0.97758335;
0.4555923,1.2287834;
0.8222137,1.4799833;
1.1673595,1.7311833;
1.4910294,1.9823833;
1.7901556,2.2335832;
2.0509324,1.9823833;
2.248816,1.7311833;
2.3592625,1.4799833;
2.3776703,1.2287834;
2.3055732,0.9775834;
2.1429713,0.72638345;
1.9052042,0.4751835;
1.6091459,0.2239835;
1.2686021,-0.027216494;
0.8973788,-0.27841648;
0.5108156,-0.5296165;
0.12271847,-0.7808165;
-0.25976562,-1.0320165;
-0.6279297,-1.2832165;
-0.9746094,-1.5344164;
-1.2998047,-1.7856164;
-1.5986328,-2.0368164;
-1.8613281,-1.7856164;
-2.055664,-1.5344164;
-2.1679688,-1.2832165;
-2.1865234,-1.0320165;
-2.109375,-0.78081656;
-1.9482422,-0.5296166;
-1.7138672,-0.27841663;
-1.4160156,-0.027216643;
-1.0722656,0.22398335;
-0.7011719,0.47518334;
-0.31445312,0.7263833;
0.07516506,0.97758335;
0.4555923,1.2287834;
0.8222137,1.4799833;
1.1673595,1.7311833;
1.4910294,1.9823833;
1.7886217,2.2335832;
2.0509324,1.9823833;
2.248816,1.7311833;
2.3592625,1.4799833;
2.3761363,1.2287834;
2.3040392,0.9775834;
2.1414373,0.72638345;
1.9036702,0.4751835;
1.6076119,0.2239835;
1.2670681,-0.027216494;
0.8958448,-0.27841648;
0.5108156,-0.5296165;
0.12271847,-0.7808165;
-0.25976562,-1.0320165;
-0.6279297,-1.2832165;
-0.9746094,-1.5344164;
-1.2978516,-1.7856164;
-1.5986328,-2.0368164;
-1.8613281,-1.7856164;
-2.055664,-1.5344164;
-2.1679688,-1.2832165;
-2.1845703,-1.0320165;
-2.109375,-0.78081656;
-1.9482422,-0.5296166;
-1.7119141,-0.27841663;
-1.4150391,-0.027216643;
-1.0712891,0.22398335;
-0.6982422,0.47518334;
-0.31347656,0.7263833;
0.07516506,0.97758335;
0.4571263,1.2287834;
0.8237477,1.4799833;
1.1688935,1.7311833;
1.4910294,1.9823833;
1.7901556,2.2335832;
2.0509324,1.9823833;
2.248816,1.7311833;
2.3592625,1.4799833;
2.3761363,1.2287834;
2.3025053,0.9775834;
2.1399033,0.72638345;
1.9006022,0.4751835;
1.6045439,0.2239835;
1.2624662,-0.027216494;
0.89277685,-0.27841648;
0.50774765,-0.5296165;
0.119650505,-0.7808165;
-0.2607422,-1.0320165;
-0.6279297,-1.2832165;
-0.97558594,-1.5344164;
-1.2998047,-1.7856164;
-1.5986328,-2.0368164;
-1.859375,-1.7856164;
-2.0546875,-1.5344164;
-2.1679688,-1.2832165;
-2.1845703,-1.0320165;
-2.1083984,-0.78081656;
-1.9472656,-0.5296166;
-1.7109375,-0.27841663;
-1.4130859,-0.027216643;
-1.0693359,0.22398335;
-0.6982422,0.47518334;
-0.31152344,0.7263833;
0.07669904,0.97758335;
0.4571263,1.2287834;
0.8237477,1.4799833;
1.1688935,1.7311833;
1.4910294,1.9823833;
1.7886217,2.2335832;
2.0509324,1.9823833;
2.248816,1.7311833;
2.3577285,1.4799833;
2.3746023,1.2287834;
2.3009713,0.9775834;
2.1383693,0.72638345;
1.9006022,0.4751835;
1.6045439,0.2239835;
1.2624662,-0.027216494;
0.89277685,-0.27841648;
0.50774765,-0.5296165;
0.119650505,-0.7808165;
-0.2607422,-1.0320165;
-0.6279297,-1.2832165;
-0.97558594,-1.5344164;
-1.2998047,-1.7856164;
-1.5986328,-2.0368164;
-1.859375,-1.7856164;
-2.055664,-1.5344164;
-2.1679688,-1.2832165;
-2.1845703,-1.0320165;
-2.1083984,-0.78081656;
-1.9472656,-0.5296166;
-1.7109375,-0.27841663;
-1.4130859,-0.027216643;
-1.0693359,0.22398335;
-0.69628906,0.47518334;
-0.31152344,0.7263833;
0.07669904,0.97758335;
0.4571263,1.2287834;
0.8237477,1.4799833;
1.1688935,1.7311833;
1.4910294,1.9823833;
1.7901556,2.2335832;
2.0509324,1.9823833;
2.248816,1.7311833;
2.3577285,1.4799833;
2.3746023,1.2287834;
2.3009713,0.9775834;
2.1383693,0.72638345;
1.8990682,0.4751835;
1.6030099,0.2239835;
1.2609322,-0.027216494;
0.89124286,-0.27841648;
0.50621367,-0.5296165;
0.11811652,-0.7808165;
-0.2626953,-1.0320165;
-0.62890625,-1.2832165;
-0.97558594,-1.5344164;
-1.2998047,-1.7856164;
-1.5986328,-2.0368164;
-1.859375,-1.7856164;
-2.0546875,-1.5344164;
-2.1660156,-1.2832165;
-2.1835938,-1.0320165;
-2.1064453,-0.78081656;
-1.9453125,-0.5296166;
-1.7089844,-0.27841663;
-1.4111328,-0.027216643;
-1.0683594,0.22398335;
-0.69628906,0.47518334;
-0.31054688,0.7263833;
0.078233026,0.97758335;
0.4571263,1.2287834;
0.8237477,1.4799833;
1.1688935,1.7311833;
1.4910294,1.9823833;
1.7886217,2.2335832;
2.0493984,1.9823833;
2.247282,1.7311833;
2.3561945,1.4799833;
2.3730683,1.2287834;
2.2979033,0.9775834;
2.1353014,0.72638345;
1.8960003,0.4751835;
1.599942,0.2239835;
1.2578642,-0.027216494;
0.8866409,-0.27841648;
